223.41600000000216
237.86200000000207
235.2650000000042
241.33900000000222
250.32900000000234
227.4320000000012
254.32300000000055
225.337000000003
238.98700000000247
219.2660000000011
207.14300000000202
235.82700000000295
242.73200000000304
236.15100000000103
245.66800000000194
223.60500000000184
230.5440000000009
238.3310000000016
237.5820000000013
257.6630000000008
234.2390000000035
229.03400000000153
249.27299999999929
236.82999999999993
239.61100000000118
234.35400000000095
245.06600000000026
222.7119999999997
223.0750000000017
232.34700000000032
231.116000000001
235.16100000000267
229.7549999999987
232.23600000000215
263.9100000000005
238.53100000000143
242.79900000000129
253.4540000000016
231.2210000000021
244.36200000000179
223.06900000000036
218.2960000000025
231.36599999999885
222.47700000000134
229.5130000000018
230.98500000000035
232.3760000000011
229.70499999999964
235.8360000000011
215.00900000000235
