0.01	387	174.34999999999982	0	0	387	74.60400000000006
0.01	387	166.44599999999986	0	0	387	74.60400000000006
0.01	387	167.35500000000008	0	0	387	74.60400000000006
0.01	387	173.92899999999995	0	0	387	74.60400000000006
0.01	387	160.33999999999986	0	0	387	74.60400000000006
0.01	387	168.6579999999999	0	0	387	74.60400000000006
0.01	387	163.95399999999987	0	0	387	74.60400000000006
0.01	387	172.195	0	0	387	74.60400000000006
0.01	387	169.6369999999999	0	0	387	74.60400000000006
0.01	387	167.59499999999974	0	0	387	74.60400000000006
0.02	387	171.71899999999985	0	0	387	74.60400000000006
0.02	387	173.56199999999987	0	0	387	74.60400000000006
0.02	387	170.36799999999988	0	0	387	74.60400000000006
0.02	387	173.0179999999998	0	0	387	74.60400000000006
0.02	387	165.148	0	0	387	74.60400000000006
0.02	387	168.47799999999984	0	0	387	74.60400000000006
0.02	387	171.1709999999999	0	0	387	74.60400000000006
0.02	387	164.9489999999999	0	0	387	74.60400000000006
0.02	387	169.45799999999997	0	0	387	74.60400000000006
0.02	387	173.85399999999981	0	0	387	74.60400000000006
0.03	387	172.08400000000003	0	0	387	74.60400000000006
0.03	387	167.27300000000008	0	0	387	74.60400000000006
0.03	387	168.7309999999999	0	0	387	74.60400000000006
0.03	387	167.85399999999996	0	0	387	74.60400000000006
0.03	387	160.35899999999992	0	0	387	74.60400000000006
0.03	387	162.92400000000004	0	0	387	74.60400000000006
0.03	387	168.26800000000003	0	0	387	74.60400000000006
0.03	387	166.36300000000003	0	0	387	74.60400000000006
0.03	387	175.19599999999988	0	0	387	74.60400000000006
0.03	387	167.10199999999983	0	0	387	74.60400000000006
0.04	387	172.85699999999997	0	0	387	74.60400000000006
0.04	387	170.54499999999996	0	0	387	74.60400000000006
0.04	387	173.69500000000014	0	0	387	74.60400000000006
0.04	387	174.76499999999984	0	0	387	74.60400000000006
0.04	387	168.3099999999999	0	0	387	74.60400000000006
0.04	387	166.772	0	0	387	74.60400000000006
0.04	387	166.36599999999993	0	0	387	74.60400000000006
0.04	387	167.93500000000003	0	0	387	74.60400000000006
0.04	387	169.1469999999999	0	0	387	74.60400000000006
0.04	387	172.94899999999996	0	0	387	74.60400000000006
0.05	387	161.88099999999994	0	0	387	74.60400000000006
0.05	387	168.96999999999997	0	0	387	74.60400000000006
0.05	387	166.70999999999984	0	0	387	74.60400000000006
0.05	387	168.3389999999998	0	0	387	74.60400000000006
0.05	387	171.55299999999988	0	0	387	74.60400000000006
0.05	387	171.14799999999974	0	0	387	74.60400000000006
0.05	387	174.95699999999994	0	0	387	74.60400000000006
0.05	387	168.2720000000001	0	0	387	74.60400000000006
0.05	387	168.44200000000006	0	0	387	74.60400000000006
0.05	387	168.98599999999993	0	0	387	74.60400000000006
0.06	387	167.84799999999973	0	0	387	74.60400000000006
0.06	387	169.87099999999998	0	0	387	74.60400000000006
0.06	387	170.24800000000008	0	0	387	74.60400000000006
0.06	387	167.93099999999998	0	0	387	74.60400000000006
0.06	387	164.12299999999996	0	0	387	74.60400000000006
0.06	387	171.98900000000012	0	0	387	74.60400000000006
0.06	387	170.01599999999996	0	0	387	74.60400000000006
0.06	387	159.06799999999984	0	0	387	74.60400000000006
0.06	387	171.11399999999983	0	0	387	74.60400000000006
0.06	387	166.22799999999984	0	0	387	74.60400000000006
0.07	387	166.30899999999977	0	0	387	74.60400000000006
0.07	387	164.473	0	0	387	74.60400000000006
0.07	387	167.3129999999999	0	0	387	74.60400000000006
0.07	387	167.94300000000007	0	0	387	74.60400000000006
0.07	387	165.86899999999986	0	0	387	74.60400000000006
0.07	387	163.82699999999986	0	0	387	74.60400000000006
0.07	387	166.44200000000004	0	0	387	74.60400000000006
0.07	387	165.51700000000002	0	0	387	74.60400000000006
0.07	387	165.35699999999989	0	0	387	74.60400000000006
0.07	387	172.75099999999986	0	0	387	74.60400000000006
0.08	387	164.65600000000003	0	0	387	74.60400000000006
0.08	387	178.26599999999993	0	0	387	74.60400000000006
0.08	387	165.83799999999997	0	0	387	74.60400000000006
0.08	387	173.51799999999983	0	0	387	74.60400000000006
0.08	387	168.5479999999998	0	0	387	74.60400000000006
0.08	387	175.10599999999982	0	0	387	74.60400000000006
0.08	387	170.22899999999987	0	0	387	74.60400000000006
0.08	387	168.84499999999977	0	0	387	74.60400000000006
0.08	387	170.98999999999998	0	0	387	74.60400000000006
0.08	387	162.1919999999998	0	0	387	74.60400000000006
0.09	387	174.91899999999998	0	0	387	74.60400000000006
0.09	387	165.59199999999993	0	0	387	74.60400000000006
0.09	387	169.10399999999998	0	0	387	74.60400000000006
0.09	387	165.02099999999993	0	0	387	74.60400000000006
0.09	387	164.2879999999999	0	0	387	74.60400000000006
0.09	387	169.45100000000008	0	0	387	74.60400000000006
0.09	387	164.813	0	0	387	74.60400000000006
0.09	387	164.30199999999994	0	0	387	74.60400000000006
0.09	387	170.39	0	0	387	74.60400000000006
0.09	387	170.29200000000006	0	0	387	74.60400000000006
0.1	387	169.86800000000002	0	0	387	74.60400000000006
0.1	387	173.44999999999987	0	0	387	74.60400000000006
0.1	387	166.67299999999997	0	0	387	74.60400000000006
0.1	387	162.06100000000006	0	0	387	74.60400000000006
0.1	387	174.94299999999984	0	0	387	74.60400000000006
0.1	387	174.19199999999984	0	0	387	74.60400000000006
0.1	387	172.19600000000005	0	0	387	74.60400000000006
0.1	387	163.1659999999999	0	0	387	74.60400000000006
0.1	387	169.69899999999987	0	0	387	74.60400000000006
0.1	387	172.57099999999974	0	0	387	74.60400000000006
0.11	387	171.86700000000005	0	0	387	74.60400000000006
0.11	387	167.62599999999983	0	0	387	74.60400000000006
0.11	387	163.5209999999998	0	0	387	74.60400000000006
0.11	387	165.02399999999997	0	0	387	74.60400000000006
0.11	387	166.446	0	0	387	74.60400000000006
0.11	387	174.98399999999975	0	0	387	74.60400000000006
0.11	387	170.35399999999987	0	0	387	74.60400000000006
0.11	387	170.77799999999993	0	0	387	74.60400000000006
0.11	387	166.5239999999998	0	0	387	74.60400000000006
0.11	387	167.75999999999993	0	0	387	74.60400000000006
0.12	387	171.43900000000005	0	0	387	74.60400000000006
0.12	387	165.29999999999993	0	0	387	74.60400000000006
0.12	387	167.78099999999986	0	0	387	74.60400000000006
0.12	387	171.3889999999999	0	0	387	74.60400000000006
0.12	387	161.6749999999998	0	0	387	74.60400000000006
0.12	387	167.5320000000001	0	0	387	74.60400000000006
0.12	387	170.12799999999996	0	0	387	74.60400000000006
0.12	387	170.244	0	0	387	74.60400000000006
0.12	387	168.98800000000014	0	0	387	74.60400000000006
0.12	387	169.45499999999996	0	0	387	74.60400000000006
0.13	387	172.75400000000002	0	0	387	74.60400000000006
0.13	387	164.08999999999986	0	0	387	74.60400000000006
0.13	387	167.54200000000006	0	0	387	74.60400000000006
0.13	387	167.9499999999998	0	0	387	74.60400000000006
0.13	387	176.39399999999992	0	0	387	74.60400000000006
0.13	387	170.94199999999998	0	0	387	74.60400000000006
0.13	387	165.8179999999999	0	0	387	74.60400000000006
0.13	387	167.50199999999992	0	0	387	74.60400000000006
0.13	387	165.85	0	0	387	74.60400000000006
0.13	387	167.6369999999999	0	0	387	74.60400000000006
0.14	387	171.29300000000003	0	0	387	74.60400000000006
0.14	387	162.52399999999986	0	0	387	74.60400000000006
0.14	387	161.7079999999998	0	0	387	74.60400000000006
0.14	387	178.03699999999995	0	0	387	74.60400000000006
0.14	387	171.68199999999982	0	0	387	74.60400000000006
0.14	387	170.17599999999985	0	0	387	74.60400000000006
0.14	387	171.65800000000002	0	0	387	74.60400000000006
0.14	387	167.03299999999996	0	0	387	74.60400000000006
0.14	387	170.31499999999994	0	0	387	74.60400000000006
0.14	387	168.52299999999997	0	0	387	74.60400000000006
0.15	387	168.19999999999996	0	0	387	74.60400000000006
0.15	387	170.9189999999999	0	0	387	74.60400000000006
0.15	387	167.04500000000002	0	0	387	74.60400000000006
0.15	387	172.03899999999987	0	0	387	74.60400000000006
0.15	387	171.78699999999978	1	0.5630000000000001	386	74.52000000000005
0.15	387	164.682	0	0	387	74.60400000000006
0.15	387	170.9559999999999	0	0	387	74.60400000000006
0.15	387	168.0589999999999	1	0.558	386	74.45600000000006
0.15	387	163.86399999999995	0	0	387	74.60400000000006
0.15	387	165.83499999999984	0	0	387	74.60400000000006
0.16	387	160.3789999999999	0	0	387	74.60400000000006
0.16	387	169.73200000000006	1	0.405	386	74.48600000000006
0.16	387	175.26699999999983	0	0	387	74.60400000000006
0.16	387	164.61499999999975	0	0	387	74.60400000000006
0.16	387	169.52599999999987	1	0.34099999999999997	386	74.23100000000005
0.16	387	166.8379999999999	0	0	387	74.60400000000006
0.16	387	171.906	0	0	387	74.60400000000006
0.16	387	172.75599999999983	0	0	387	74.60400000000006
0.16	387	168.48699999999982	0	0	387	74.60400000000006
0.16	387	171.4889999999999	0	0	387	74.60400000000006
0.17	387	167.45799999999986	2	1.0699999999999998	385	74.40200000000006
0.17	387	169.0609999999999	4	1.3569999999999998	383	73.85100000000006
0.17	387	165.94899999999998	2	1.1190000000000002	385	74.40200000000006
0.17	387	170.04299999999998	3	0.982	384	74.02900000000005
0.17	387	170.23300000000012	3	1.261	384	73.74000000000005
0.17	387	168.24699999999996	0	0	387	74.60400000000006
0.17	387	164.359	2	0.628	385	74.33800000000005
0.17	387	164.17699999999974	5	2.7699999999999996	382	73.79700000000004
0.17	387	169.34499999999994	0	0	387	74.60400000000006
0.17	387	163.86399999999995	0	0	387	74.60400000000006
0.18	387	168.72499999999988	3	1.797	384	74.25400000000005
0.18	387	163.4779999999998	8	3.4479999999999995	379	72.86500000000004
0.18	387	164.59200000000004	5	1.865	382	73.44400000000005
0.18	387	166.38099999999974	6	2.548	381	73.64500000000004
0.18	387	174.3579999999998	8	3.264	379	73.51000000000005
0.18	387	170.9289999999999	5	2.365	382	73.69900000000005
0.18	387	172.76199999999986	4	1.3900000000000001	383	73.78700000000006
0.18	387	172.09299999999993	4	1.395	383	73.88100000000004
0.18	387	170.48299999999975	7	3.035	380	73.17800000000004
0.18	387	172.00999999999993	3	1.549	384	73.77400000000004
0.19	387	167.02100000000004	10	5.207	377	72.85800000000003
0.19	387	172.68199999999973	11	4.533000000000001	376	72.26400000000002
0.19	387	167.9069999999999	12	5.177	375	72.11600000000003
0.19	387	166.77499999999992	9	3.9640000000000004	378	72.81500000000003
0.19	387	165.99299999999974	6	2.3770000000000002	381	73.55100000000004
0.19	387	172.4740000000001	13	6.861000000000001	374	72.51200000000003
0.19	387	163.3639999999999	10	3.6779999999999995	377	72.89600000000003
0.19	387	170.6109999999999	9	3.9250000000000003	378	73.19700000000005
0.19	387	156.9999999999999	5	1.967	382	73.47800000000005
0.19	387	172.22999999999973	7	1.483	380	72.95700000000005
0.2	387	169.821	23	9.432000000000004	364	69.228
0.2	387	169.60199999999986	14	7.090000000000001	373	71.97000000000003
0.2	387	164.61799999999994	24	8.445	363	69.819
0.2	387	172.1059999999998	19	8.69	368	70.58900000000001
0.2	387	167.02900000000002	27	12.707999999999998	360	69.14299999999999
0.2	387	165.30300000000008	12	4.917000000000001	375	71.63200000000002
0.2	387	168.1609999999999	19	8.813999999999998	368	70.55900000000001
0.2	387	165.74800000000005	21	8.774000000000001	366	70.96400000000001
0.2	387	168.55299999999997	19	9.280000000000001	368	71.26400000000001
0.2	387	164.37299999999976	14	7.222	373	72.10500000000003
0.2	387	168.42600000000007	16	5.9559999999999995	371	70.947
0.2	387	160.49799999999996	18	8.241999999999997	369	71.83200000000002
0.2	387	170.43399999999986	21	10.056999999999999	366	71.19000000000001
0.2	387	172.10799999999992	20	9.296000000000001	367	70.99200000000002
0.2	387	166.76800000000011	11	5.45	376	71.94100000000003
0.2	387	172.99699999999987	17	7.588000000000001	370	71.34300000000002
0.2	387	164.26300000000006	16	6.0310000000000015	371	71.60600000000002
0.2	387	167.47699999999992	19	7.814	368	71.29800000000002
0.2	387	167.47499999999988	24	11.629000000000001	363	69.819
0.2	387	162.90299999999993	19	7.994	368	70.55900000000001
0.25	387	173.76199999999992	97	42.98899999999998	290	55.98800000000005
0.25	387	167.6099999999999	91	40.093999999999994	296	55.678000000000075
0.25	387	165.78799999999995	100	42.41100000000001	287	54.964000000000034
0.25	387	166.6910000000001	110	48.367000000000004	277	53.529000000000046
0.25	387	170.741	89	38.278	298	57.46200000000002
0.25	387	170.26299999999992	90	37.797	297	56.951
0.25	387	170.67899999999983	109	49.84799999999998	278	53.44900000000003
0.25	387	180.337	99	50.307000000000016	288	56.034000000000034
0.25	387	171.35299999999987	109	50.68599999999999	278	52.39000000000006
0.25	387	167.60000000000002	100	43.442999999999984	287	56.71100000000003
0.3	387	169.59999999999997	190	84.405	197	37.135000000000126
0.3	387	171.7659999999999	204	88.52300000000005	183	33.51100000000008
0.3	387	166.74799999999988	180	80.21000000000008	207	40.97200000000007
0.3	387	172.2100000000001	204	90.111	183	34.765000000000114
0.3	387	165.84799999999987	195	84.79399999999997	192	37.13900000000011
0.3	387	172.51399999999984	186	85.38200000000002	201	40.605000000000075
0.3	387	169.978	199	89.28299999999999	188	37.61600000000009
0.3	387	171.43099999999993	180	77.54699999999998	207	38.79200000000011
0.3	387	166.87199999999999	189	81.586	198	37.92500000000011
0.3	387	166.85799999999992	189	81.96900000000005	198	38.31800000000012
0.35	387	168.37999999999988	275	121.14599999999997	112	21.712999999999983
0.35	387	166.4309999999998	264	114.22899999999991	123	23.538999999999987
0.35	387	177.26699999999994	276	127.83899999999994	111	21.880999999999986
0.35	387	168.4319999999999	266	113.26499999999994	121	23.036999999999985
0.35	387	167.98699999999985	250	111.06299999999996	137	25.275999999999986
0.35	387	163.9089999999999	260	111.19699999999993	127	23.592999999999982
0.35	387	165.35799999999975	262	112.91199999999999	125	25.085999999999988
0.35	387	169.56199999999984	261	112.62399999999997	126	24.004999999999985
0.35	387	170.54399999999987	281	122.91299999999993	106	19.707999999999977
0.35	387	170.289	279	123.86399999999999	108	21.991999999999987
0.4	387	164.14599999999996	288	122.44700000000002	99	20.09599999999998
0.4	387	165.78499999999988	313	136.34099999999998	74	14.440999999999983
0.4	387	162.6869999999999	311	128.264	76	13.070999999999984
0.4	387	162.11100000000005	307	129.17299999999994	80	14.694999999999979
0.4	387	168.05299999999986	309	134.82699999999986	78	15.770999999999981
0.4	387	168.97400000000002	300	131.73399999999998	87	17.49699999999998
0.4	387	168.78799999999973	308	135.999	79	15.96799999999998
0.4	387	163.04700000000005	318	133.27099999999996	69	11.700999999999988
0.4	387	161.73299999999992	317	130.89999999999992	70	14.934999999999986
0.4	387	161.0549999999999	316	131.15699999999993	71	13.132999999999987
0.45	387	165.97299999999998	329	140.82299999999995	58	11.317999999999994
0.45	387	167.44399999999987	331	144.3519999999999	56	10.598999999999997
0.45	387	172.74199999999996	335	149.25699999999986	52	9.343999999999998
0.45	387	173.3389999999997	327	145.67599999999982	60	10.844999999999994
0.45	387	166.16999999999987	338	143.80399999999997	49	8.215999999999998
0.45	387	167.24299999999985	335	143.23999999999992	52	10.142999999999997
0.45	387	170.75900000000001	341	149.8319999999999	46	9.374999999999998
0.45	387	166.8099999999999	345	147.94499999999994	42	8.847
0.45	387	167.1019999999998	337	146.48199999999994	50	9.819999999999997
0.45	387	169.6889999999999	330	144.86499999999987	57	11.016999999999994
0.5	387	166.46099999999979	354	150.55299999999986	33	6.1869999999999985
0.5	387	168.75399999999996	350	154.33799999999988	37	7.976000000000001
0.5	387	170.77799999999996	353	157.18799999999996	34	6.756
0.5	387	168.56999999999996	342	148.7219999999999	45	8.716
0.5	387	173.48799999999986	353	159.50599999999994	34	7.105000000000001
0.5	387	169.21099999999984	355	154.09899999999982	32	6.842
0.5	387	169.24199999999982	348	152.19399999999987	39	6.227999999999999
0.5	387	167.5199999999998	348	150.58199999999997	39	7.379
0.5	387	164.5959999999999	354	148.7969999999998	33	6.224999999999999
0.5	387	168.78500000000003	351	152.07099999999994	36	5.861999999999997
0.55	387	171.58099999999996	369	162.94699999999986	18	3.544000000000001
0.55	387	167.29799999999983	352	150.8859999999998	35	8.003000000000002
0.55	387	169.94299999999998	353	155.462	34	6.503999999999999
0.55	387	169.80000000000007	366	158.67000000000004	21	3.6280000000000006
0.55	387	174.10399999999993	359	160.7469999999999	28	5.805000000000001
0.55	387	165.42199999999997	358	152.62799999999993	29	5.0219999999999985
0.55	387	172.16100000000003	364	159.75300000000004	23	4.223999999999999
0.55	387	176.94199999999992	359	164.72499999999988	28	4.877999999999999
0.55	387	165.35399999999993	361	154.88699999999992	26	5.22
0.55	387	174.23399999999978	356	159.13699999999983	31	6.473
0.6	387	168.611	369	160.75699999999995	18	3.609
0.6	387	170.00499999999988	371	163.61299999999991	16	3.410000000000001
0.6	387	170.25999999999976	370	162.6379999999998	17	3.201000000000001
0.6	387	169.09099999999995	372	161.70199999999994	15	2.5869999999999997
0.6	387	174.7299999999999	371	168.3949999999999	16	3.950000000000001
0.6	387	168.68499999999983	362	157.42799999999986	25	4.523999999999999
0.6	387	167.10899999999995	373	159.93099999999998	14	2.214
0.6	387	171.63400000000019	375	167.03800000000012	12	2.713
0.6	387	168.6179999999999	369	160.2899999999999	18	3.293
0.6	387	168.0849999999999	364	159.73499999999996	23	4.731
0.65	387	162.87599999999995	376	158.12899999999996	11	2.633
0.65	387	164.7599999999998	373	158.7049999999998	14	2.983
0.65	387	165.34899999999996	365	154.7749999999998	22	3.8510000000000004
0.65	387	170.50000000000009	374	163.5870000000001	13	2.5760000000000005
0.65	387	164.601	376	158.50099999999995	11	2.0810000000000004
0.65	387	162.32000000000005	372	155.22400000000002	15	2.2300000000000004
0.65	387	165.73899999999995	366	156.82299999999992	21	4.086
0.65	387	169.80899999999994	375	163.89499999999998	12	1.6850000000000005
0.65	387	170.45400000000006	375	165.798	12	2.424
0.65	387	171.98999999999987	373	164.03099999999992	14	1.7939999999999998
0.7	387	170.30800000000002	380	167.72400000000002	7	1.332
0.7	387	173.46099999999993	378	170.11499999999995	9	1.343
0.7	387	173.87299999999988	377	170.14199999999994	10	1.716
0.7	387	166.79599999999988	378	163.17999999999995	9	2.1719999999999997
0.7	387	168.08099999999988	369	161.09799999999993	18	3.927000000000001
0.7	387	167.7609999999999	374	162.49599999999995	13	1.9300000000000004
0.7	387	169.76299999999986	368	161.10599999999994	19	4.172
0.7	387	168.66799999999992	374	162.29199999999997	13	2.606
0.7	387	164.0049999999999	377	159.23699999999988	10	1.6480000000000004
0.7	387	169.31099999999995	375	163.6929999999999	12	2.3640000000000003
0.75	387	165.08799999999994	375	159.35899999999992	12	2.042
0.75	387	171.19299999999984	376	166.03199999999984	11	2.055
0.75	387	173.1890000000001	381	170.90700000000007	6	1.0190000000000001
0.75	387	162.631	381	159.541	6	1.214
0.75	387	176.485	371	167.55199999999996	16	2.858
0.75	387	171.30699999999993	382	169.3929999999999	5	0.905
0.75	387	166.36599999999999	373	160.505	14	2.18
0.75	387	171.61499999999995	378	168.41199999999992	9	1.6280000000000001
0.75	387	163.48299999999998	381	160.53399999999996	6	1.248
0.75	387	167.89600000000002	382	166.003	5	1.13
0.8	387	162.24699999999984	382	159.59599999999986	5	0.586
0.8	387	169.04500000000004	380	166.70900000000003	7	1.5830000000000002
0.8	387	176.9909999999999	378	173.72099999999995	9	2.5880000000000005
0.8	387	164.92399999999995	384	163.27599999999995	3	0.894
0.8	387	167.53600000000012	384	165.63900000000012	3	0.639
0.8	387	168.34299999999982	382	167.0009999999998	5	1.2870000000000001
0.8	387	172.49899999999988	382	170.1689999999999	5	0.871
0.8	387	171.73999999999995	383	169.81799999999998	4	0.43799999999999994
0.8	387	164.45499999999993	378	161.46599999999992	9	2.1719999999999997
0.8	387	165.2719999999999	377	162.0299999999999	10	2.035
0.85	387	173.38699999999997	380	170.432	7	1.9060000000000001
0.85	387	163.6989999999998	385	163.27299999999977	2	0.491
0.85	387	171.95299999999995	381	169.8729999999999	6	1.724
0.85	387	173.903	384	172.232	3	0.609
0.85	387	166.30299999999988	377	161.1579999999999	10	2.196
0.85	387	169.09100000000026	382	166.11600000000027	5	0.9009999999999999
0.85	387	173.70700000000008	383	172.38400000000007	4	0.817
0.85	387	164.49500000000012	378	160.49900000000014	9	1.598
0.85	387	166.244	382	163.98	5	0.841
0.85	387	174.94799999999998	383	172.67499999999998	4	0.37
0.9	387	166.69499999999996	379	163.79999999999995	8	1.8960000000000001
0.9	387	166.3620000000001	382	164.70100000000008	5	1.415
0.9	387	168.087	381	166.21499999999997	6	1.724
0.9	387	167.73799999999991	386	166.9719999999999	1	0.373
0.9	387	170.15799999999996	382	168.16399999999996	5	0.871
0.9	387	165.2769999999999	382	163.41099999999992	5	0.6759999999999999
0.9	387	168.59499999999983	380	165.34299999999982	7	1.587
0.9	387	168.561	381	166.09300000000002	6	0.989
0.9	387	170.63400000000007	383	168.69200000000004	4	0.753
0.9	387	170.09199999999987	381	167.25099999999992	6	1.0190000000000001
0.95	387	170.06599999999986	383	168.30199999999988	4	0.502
0.95	387	170.82099999999988	381	168.62299999999988	6	1.1460000000000001
0.95	387	165.6339999999999	379	162.84499999999986	8	1.96
0.95	387	169.056	381	166.05100000000004	6	0.738
0.95	387	164.8759999999998	386	164.5419999999998	1	0.08399999999999999
0.95	387	172.7879999999999	383	170.86999999999992	4	0.723
0.95	387	169.3319999999999	381	166.34699999999987	6	0.764
0.95	387	168.58499999999998	381	166.00799999999998	6	0.9249999999999999
0.95	387	174.35099999999966	376	169.28299999999973	11	1.8300000000000003
0.95	387	162.93899999999985	383	161.85599999999988	4	0.723
1.0	387	173.08299999999974	384	171.9739999999997	3	0.609
1.0	387	166.92599999999993	384	165.0389999999999	3	0.605
1.0	387	161.18500000000006	386	160.65100000000004	1	0.118
1.0	387	167.0639999999999	383	165.68499999999995	4	1.012
1.0	387	169.89799999999997	383	168.432	4	0.982
1.0	387	171.0349999999998	382	168.7359999999998	5	0.582
1.0	387	163.9069999999999	380	160.73799999999986	7	1.621
1.0	387	174.12599999999998	386	173.49399999999997	1	0.118
1.0	387	169.06199999999987	383	167.42299999999983	4	0.46399999999999997
1.0	387	166.35700000000003	384	164.69500000000005	3	0.575
