31.25	27.02429462539217	31.25	19.447043477094404	10.25	6.712860791048776
31.1875	27.141340124430112	31.25	19.661192741031762	8.5625	6.214587174543455
31.25	27.0358558214827	31.25	18.988483351758244	10.0	6.892024376045111
31.25	26.36403800634493	31.25	17.038559211388737	11.0	7.365459931328117
31.1875	26.896139941448848	31.25	20.96872671384698	10.0625	6.637664781382079
31.25	27.46475013540083	31.25	17.977416388346796	10.375	6.584783595532961
31.1875	26.0917102496176	31.25	20.550243307562077	9.4375	7.262650600848151
31.1875	27.46183431145851	31.25	18.91923624251254	9.5625	7.499739578812053
31.25	25.160733296150173	31.25	18.008678463452004	9.125	7.873015622999868
31.25	25.37592362851055	31.25	17.268106439329124	9.875	7.398268378478845
31.1875	25.441645853796487	31.25	17.893783836852393	11.9375	8.742630825443792
31.25	25.115980968299844	31.25	14.75	14.25	9.542667341996157
31.1875	25.792970820554967	31.25	19.363302920731268	9.4375	6.9459408110060945
31.1875	25.877641773353304	31.25	15.726172452316552	11.5625	8.767616195409103
31.1875	25.892128992224645	31.25	16.577469650100404	11.4375	6.547602137424051
31.1875	26.61582881952016	31.25	18.66313210583904	9.8125	6.948189962141219
31.1875	26.28502128114033	31.25	17.587282336961557	11.3125	8.977184622697697
31.1875	27.12752004422815	31.25	18.616189191131465	12.3125	11.228973405881769
31.25	26.82000186428032	31.25	20.17888748172208	9.5	7.5
31.1875	25.73474973163718	31.25	19.158875227945924	8.8125	6.7288441615183805
31.25	27.38955092731533	31.25	18.359261967737158	10.75	8.355387483534201
31.1875	26.954171175348723	31.25	17.84481717474292	11.3125	7.7032359271931945
31.1875	26.292153653704368	31.25	17.195566289017645	12.3125	8.872138623240735
31.125	26.464303788310776	31.25	18.119395685287078	10.375	6.253748875674495
31.25	26.94554694193458	31.25	17.067879188698285	11.875	8.99913190257816
31.125	26.071715996458693	31.25	18.036421485427756	9.625	7.330373455697875
31.1875	25.947588399502564	31.25	15.614496469627191	11.6875	9.101639618771994
31.25	26.60709491846113	31.25	19.152349725294805	9.25	8.496322733983215
31.1875	27.06755149159229	31.25	17.71828151937992	10.9375	8.158345037444787
31.1875	25.8050836803526	31.25	18.38987493160299	9.0625	6.485259728800382
31.25	26.123504741898625	31.25	19.450257067709927	8.75	6.485560885536423
31.25	26.557720158176227	31.25	17.206466807569765	10.875	6.5942683445549894
31.1875	25.957221418133336	31.25	20.101305927725193	9.6875	7.5723076898657515
31.25	27.400958012449127	31.25	20.24073862288627	9.0	6.0
31.25	26.446880723442604	31.25	18.86299286963763	8.625	7.025622748198198
31.1875	27.459558331298776	31.25	17.615689029952815	12.1875	8.776522303851339
31.25	25.508576988926684	31.25	16.215347668181526	12.625	9.399966755260362
31.1875	26.700231155366428	31.25	19.82580389290684	8.6875	5.944732437208591
31.0625	26.644579068733663	31.25	16.946607330082326	12.0625	7.749747979773278
31.1875	27.674940718093687	31.25	17.76759691123141	11.3125	8.928316960659496
31.25	25.165700864470278	31.25	17.426631917843448	9.125	6.584783595532961
31.1875	26.08452306924549	31.25	17.52676524633111	9.5625	6.204522040415362
31.25	25.728146066127657	31.25	19.155612754490523	10.0	7.607562027351469
31.25	26.001201895297072	31.25	18.39327322691641	9.25	8.38525491562421
31.25	25.78638206495824	31.25	18.653082855120758	9.125	6.936092199502541
31.1875	26.029355423252415	31.25	19.866743568083823	10.5625	7.84194451332066
31.25	26.025228145013447	31.25	18.22258214414192	9.75	7.838207703295441
31.1875	26.225509408779843	31.25	19.080421903092184	9.8125	7.795982539103073
31.1875	26.110866392174735	31.25	20.30240133580262	8.1875	6.287077520597308
31.25	25.711135719761582	31.25	15.702308747442205	12.0	8.782084035125148
31.25	25.26484712005992	31.25	16.813313177360374	9.625	6.450532923720334
31.125	26.879069459339547	31.25	17.858821349685986	11.25	8.735702604828074
31.1875	28.065144641529997	31.25	18.201991649267395	11.0625	7.644186925370153
31.25	26.23571039632813	31.25	16.075991415772776	12.75	9.490126448051154
31.125	26.73451654696602	31.25	19.14582199854579	9.75	6.950719387228922
31.125	26.009313235839198	31.25	18.46449295269166	9.0	7.079901129253148
31.25	26.11153959459304	31.25	19.106608804285496	9.0	7.558108228915487
31.125	27.905812566560392	31.25	20.14789070845879	9.75	7.790218225441442
31.25	25.53061887224828	31.25	18.67652269561976	9.75	7.964766161036995
31.25	25.425135201213777	31.25	18.07449860992	8.5	7.399324293474371
31.25	26.161756439505357	31.25	19.844709622466134	8.625	6.546707187586749
31.1875	26.62522006951304	31.25	19.237008603210636	8.9375	6.169164753027755
31.25	25.776685201941696	31.25	18.328597873268976	9.25	7.8222439235810075
31.1875	25.86797911994673	31.25	18.001736027394692	10.6875	9.654783464687336
31.25	25.611276813154007	31.25	19.106608804285496	7.375	4.998437255783052
31.25	26.53182051801195	31.25	17.415869200243783	10.75	7.013380069552769
31.25	27.35073125165029	31.25	19.437399517425163	9.25	7.180703308172536
31.1875	26.646338280334128	31.25	17.155538464297763	11.5625	8.623867679295643
31.25	26.465779792025778	31.25	19.129492936301265	9.875	8.417801078666566
31.25	26.700889498292	31.25	18.325187584305926	10.125	7.114026637566098
31.1875	26.00052583602878	31.25	18.826510563564348	9.4375	8.455536278084319
31.125	27.214139247824832	31.25	20.825165065372232	8.0	6.051859218455102
31.1875	26.622872567587443	31.25	19.437399517425163	11.0625	7.6278171025529975
31.1875	25.768728019636516	31.25	17.122718826167766	11.0625	8.67805241687327
31.125	26.081303169128645	31.25	17.675901674313533	10.0	6.2048368229954285
31.25	26.23809253737779	31.25	18.064121899500126	9.375	7.55707450009592
31.1875	26.043758249338747	31.25	20.0888650749613	10.0625	5.973574620777747
31.1875	25.549507700736623	31.25	16.315253599009733	12.4375	8.99283569014802
31.25	27.102813507088154	31.25	18.743332147726562	10.125	6.4408365139941255
31.25	26.553013011709236	31.25	18.31836510172237	9.625	6.584783595532961
31.125	26.879069459339547	31.25	19.22725929507375	9.5	6.782329983125268
31.25	26.190408549696205	31.25	16.909686573085853	11.75	7.949056547792323
31.1875	26.323038269736266	31.25	17.11906831576999	11.5625	7.9684436215612395
31.125	26.565661576554046	31.25	17.7464785239213	11.125	8.006833019365397
31.1875	26.192123696829167	31.25	18.491552125227347	9.0625	5.055550786017286
31.1875	26.130008491196477	31.25	18.18481509391833	9.8125	8.62567932107379
31.25	26.541241493193194	31.25	17.551709318468102	11.75	9.003471552684553
31.1875	26.552351002312395	31.25	18.191687662226393	9.8125	7.264801700666027
31.1875	25.712882836236002	31.25	19.073869560212476	7.9375	5.716956686034974
31.25	25.14333907817337	31.25	17.405099827349453	10.25	8.0583807306431
31.25	26.92234202293701	31.25	19.324531042175384	9.625	7.7852023095100105
31.1875	26.10607867432411	31.25	18.54218164078866	10.3125	8.029000171254202
31.25	25.76941016011038	31.25	17.354754391808605	9.875	6.89089072616886
31.25	26.21426138574192	31.25	18.713297411199342	10.25	6.219927652312364
31.25	25.616157010761782	31.25	17.275343701356565	9.875	7.415144974981946
31.25	25.754853911447448	31.25	17.651133108103853	10.625	8.680977767509832
31.25	26.543596214529785	31.25	19.279198634798075	9.625	6.352902879786531
31.1875	26.61348048921824	31.25	18.236296224836885	10.6875	8.251657030560589
31.25	25.9939896899264	31.25	17.51963184544698	11.25	8.78564169540279
31.1875	26.810023195625924	31.25	19.677080576142387	11.5625	8.985883025613008
31.1875	25.593501982925275	31.25	16.768646337734005	10.5625	6.990786347042799
31.25	26.025228145013447	31.25	16.429774800647756	12.25	8.613216588476108
31.1875	26.68149815415169	31.25	17.679437208237143	10.8125	8.726531026129456
31.1875	26.498157365182962	31.25	18.352452152232953	10.1875	8.017315245766502
31.1875	25.052990714683148	31.25	16.813313177360374	11.8125	10.168694299171355
31.1875	27.893141518122334	31.25	19.350387593017356	10.5625	8.023159835750501
31.25	26.020424669862713	31.25	17.778146697561027	10.125	8.305683295190107
31.1875	25.664223030319853	31.25	17.977416388346796	8.6875	6.798150024087436
31.25	26.252380844411046	31.25	19.178438414010667	10.5	8.74642784226795
31.25	25.64785566085399	31.25	18.471261462065875	11.0	7.897784499465657
31.25	26.93858756505248	31.25	19.060758117136896	10.0	6.910137480542627
31.1875	27.329514151371225	31.25	19.165398508770956	11.5625	10.43413119286891
31.1875	27.120607363221055	31.25	20.082641758493825	8.9375	7.749747979773278
31.25	27.430594233446712	31.25	19.64529205687714	10.125	8.365666440876064
31.25	27.359870248230344	31.25	20.873128658636684	9.125	5.429951657243368
31.25	27.118950938412052	31.25	18.19512297292876	11.375	9.339934421611321
31.1875	25.865562892579778	31.25	16.44878414959598	10.5625	7.825988356111961
31.25	25.412841242175183	31.25	17.711225254058512	10.5	7.705517503711221
31.25	26.078007976070566	31.25	17.93564885918544	8.875	7.157819151110204
31.1875	25.291349188012884	31.25	17.50178562318714	10.0625	7.478876503192174
31.1875	25.913844634673566	31.25	17.77111420254791	10.6875	8.751562360515978
31.1875	25.937951803293952	31.25	17.268106439329124	10.5625	8.9020275078209
31.25	26.475224267227652	31.25	18.012148678045047	9.375	5.9041828393097715
31.25	26.961778502168585	31.25	20.259257143340673	8.5	6.442049363362563
31.25	26.45160675649024	31.25	17.46245973510032	11.625	9.892389751723291
31.25	25.914522955285133	31.25	16.723860200324566	11.0	8.04673846971554
31.25	26.05403039838558	31.25	19.171919570037844	9.125	6.909006802717739
31.25	25.8638260897339	31.25	17.900768139943047	11.0	7.73789377027108
31.25	25.366069857193093	31.25	16.953981833185974	11.375	7.896795236043543
31.1875	26.358629398168638	31.25	18.45094848510504	12.6875	10.226917607470982
31.25	25.989180441098945	31.25	17.984368212422698	10.375	7.270445309607934
31.1875	26.03175644765447	31.25	18.96213331880145	8.9375	6.299491546942499
31.1875	26.420207110278298	31.25	17.151894939043906	10.8125	7.9547057613716925
31.25	26.409042012159397	31.25	19.565594803123158	9.375	6.872726896945637
31.1875	26.48164163623547	31.25	18.109044701474453	9.5625	7.339693028322097
31.1875	27.198848206311972	31.25	17.28619391306253	10.3125	8.468461710960261
31.1875	27.40715862233807	31.25	19.42453345643081	11.5625	9.110219193301553
31.25	26.782690305493958	31.25	20.3914810644053	7.75	5.629165124598851
31.1875	25.877641773353304	31.25	17.282577932704367	11.4375	8.645582325673615
31.125	27.34473212521929	31.25	20.440462323538576	8.75	7.0400639201643616
31.1875	26.04135833150798	31.25	19.122957407263137	8.5625	6.846246690705791
31.25	26.185635375144138	31.25	18.693247443930122	9.375	7.210019070709869
31.1875	25.595943892538912	31.25	16.73506797117956	11.4375	8.015366102056724
31.25	26.290445032368698	31.25	16.099301227071937	13.5	9.137833441248533
31.1875	27.118302744640935	31.25	17.92519177024335	11.4375	8.916058195749958
31.1875	26.82866645493212	31.25	19.024655056005614	8.8125	6.9121157216875355
31.25	25.415300509732322	31.25	16.060432746349022	11.25	8.627716963368698
31.25	26.94554694193458	31.25	18.766659265836314	10.5	7.713624310270756
31.25	26.192794810787184	31.25	17.52676524633111	12.125	8.78119439484174
31.1875	26.67212671966748	31.25	17.541023345289748	12.0625	9.88982273602515
31.1875	27.18965508699954	31.25	18.78663088475419	9.0625	7.110456648486087
31.25	25.57220170419434	31.25	18.602755172285637	10.0	7.945124291035352
31.125	27.043656834829125	31.25	18.839785030620703	10.625	8.328227602557462
31.1875	26.660407794142984	31.25	18.669828601248593	10.9375	8.849214301281217
31.25	27.229349973879287	31.25	16.764918729298987	12.5	8.895223437328598
31.25	26.359296272852202	31.25	20.998511852033705	7.25	5.414101956926928
31.25	27.616797424755827	31.25	18.619546181365433	10.75	7.870038119348597
31.25	27.8691137282835	31.25	18.659782956937093	13.5	11.537980759214326
31.1875	25.877641773353304	31.25	16.585008290621985	11.3125	8.963249619976006
31.25	25.232667318379164	31.25	17.41228014936585	8.75	7.0400639201643616
31.25	26.28569002328073	31.25	17.390730289438682	11.5	7.115124735378854
31.25	26.569484375877526	31.25	18.89278962990908	9.5	8.470537173048708
31.25	26.373518915760936	31.25	17.042226967154264	11.25	8.912771734987944
31.1875	25.974070604162144	31.25	20.507620534815832	7.9375	5.706013823151851
31.25	25.420218331084413	31.25	15.229494410518033	13.625	10.172727018847993
31.25	24.94368657596547	31.25	18.746666370317683	9.5	7.211102550927978
31.25	25.805764859813785	31.25	16.60007530103403	10.875	8.72406871820712
31.25	25.883150890106098	31.25	16.637683131974836	12.375	9.765212491287633
31.1875	26.509948014849066	31.25	17.778146697561027	11.1875	8.009515824942229
31.1875	26.02455270989302	31.25	18.01561822419647	9.5625	7.158637702105059
31.1875	26.10847264299465	31.25	19.33423130098531	8.6875	6.131055679897223
31.25	26.947866334832522	31.25	20.336236131595246	8.75	6.299801584177076
31.25	25.86865864323081	31.25	19.524023663169434	8.875	8.267972847076846
31.25	26.2261796684153	31.25	18.039886363278455	11.375	7.647507763971214
31.1875	26.747006257710414	31.25	18.673175948402566	9.9375	7.684958929623502
31.1875	25.882471747304198	31.25	16.52460286966074	10.9375	8.081373258920788
31.25	25.633230385575672	31.25	17.43738799247181	9.5	5.2796780204857185
31.25	26.707910813090567	31.25	19.14582199854579	9.375	8.053531833922307
31.25	25.86140947435	31.25	16.987127479359188	13.25	10.219466717984847
31.25	26.994212342648563	31.25	16.292252760131117	13.375	9.479418494823403
31.25	25.395619701042936	31.25	18.376275465937052	9.0	6.363961030678928
31.1875	25.055485302623854	31.25	17.68297203526602	7.9375	4.8278974460939
31.1875	27.122911785979028	31.25	20.498475553074673	8.3125	6.705583028342875
31.25	26.37825809260346	31.25	17.707696066964782	10.625	6.43112548470328
31.25	25.87349029412151	31.25	18.45772196128222	10.125	7.825239612944769
31.25	26.178473981498616	31.25	17.351152699460634	11.875	8.774074025217704
31.125	25.604870142220992	31.25	16.486737093797547	10.25	6.896557112066861
31.25	25.56242359401784	31.25	16.406934509529805	10.5	7.640353394968063
31.1875	26.65102894355113	31.25	17.679437208237143	11.1875	7.993894154290511
31.25	25.545302895052938	31.25	16.005858302509115	13.875	9.765212491287633
31.25	26.901440481877547	31.25	18.467877517462586	9.625	8.237680195297703
31.25	24.696912762529653	31.25	17.7464785239213	11.375	10.221759877829257
31.25	26.309456474811487	31.25	17.537459907295585	10.5	7.574628703771558
31.25	25.247524631139584	31.25	16.372614330032942	10.875	7.975548570474635
31.25	26.67512886566811	31.25	17.59083568225228	9.875	7.7610807881376935
31.1875	27.212632062150842	31.25	17.76759691123141	11.6875	9.866095669007066
31.1875	26.861261023079315	31.25	17.725334975678173	11.4375	8.470306591263387
31.1875	27.196550217812554	31.25	17.928678144246998	10.6875	9.046537666422442
31.1875	26.02455270989302	31.25	18.859679212542297	10.9375	7.619619002942339
31.125	26.45485541446031	31.25	18.029489732102792	10.125	8.298154915401375
31.1875	25.978882650144907	31.25	18.105593058499906	9.4375	7.0796252549128615
31.25	27.53066472136116	31.25	19.42453345643081	10.375	8.745534574855903
31.25	27.178806081209675	31.25	18.555659514013506	10.0	7.245688373094719
31.25	25.989180441098945	31.25	17.177383386301884	10.625	7.6638355279846655
31.125	26.14353409545083	31.25	18.284214503226547	10.0	8.817596044274199
31.25	25.96030623856352	31.25	17.206466807569765	11.375	7.598313957714566
31.25	25.68438241422207	31.25	18.243149399158032	9.5	6.946221994724902
31.1875	26.315914267796206	31.25	19.2142525225417	7.6875	5.416626602415936
31.1875	26.653373965597677	31.25	18.955540087267362	10.0625	8.310150043771772
31.25	27.54882030142126	31.25	17.53033085825821	11.25	8.422440263961509
31.25	25.348816540422554	31.25	18.0710403685012	8.75	7.110731326663946
31.1875	26.61817694264579	31.25	20.054612935681405	9.8125	6.46353956822421
31.25	25.84690503716064	31.25	18.68321439153338	9.5	7.271519786124493
31.1875	27.14824752631374	31.25	18.27737672643424	9.6875	6.658816993280413
31.1875	26.014944623235316	31.25	18.532066803246746	10.3125	8.052319153510993
31.1875	26.535869003105965	31.25	17.548148050435408	11.3125	7.588797253188413
31.25	25.6819489135852	31.25	16.543503256565703	12.0	9.387491677759293
31.25	26.85260694979167	31.25	20.51066795596867	8.875	6.273705045664802
31.1875	27.24476727281773	31.25	19.520822216289968	9.3125	7.8079987032529665
31.25	25.12842016522328	31.25	17.25	8.625	6.243746871871088
31.25	26.042033330752037	31.25	16.909686573085853	11.0	7.834219807996199
31.1875	25.664223030319853	31.25	18.612831595434372	11.1875	7.715396538739924
31.125	26.525636184642206	31.25	20.75	11.125	8.894345113610107
31.25	25.078626357916814	31.25	15.75396775418815	10.375	7.532222447591415
31.1875	26.199281359419004	31.25	20.437404434027332	7.3125	6.222125340267584
31.25	27.394114331366875	31.25	19.437399517425163	9.5	6.41287766919033
31.1875	26.04135833150798	31.25	18.201991649267395	9.8125	7.434873485809963
31.1875	26.524089875997632	31.25	18.140079933671736	9.6875	7.413827874317018
31.25	25.348816540422554	31.25	17.469616481193857	10.125	9.286246550679127
31.25	25.8879798362097	31.25	18.232868671714826	10.0	8.04673846971554
31.1875	25.79054756592035	31.25	17.268106439329124	10.4375	7.508068576538177
31.1875	26.23504038018619	31.25	16.02927010191044	11.9375	7.995848532207198
31.1875	25.035521639262882	31.25	17.869317278508433	9.3125	6.43932013103868
31.0625	26.9779278994885	31.25	18.511820547963403	9.8125	6.606992034958117
31.25	25.078626357916814	31.25	16.064323826417343	10.75	7.595228765481656
31.1875	27.14824752631374	31.25	19.536824204563032	10.1875	8.726531026129456
31.1875	25.86072976058487	31.25	16.387876616572385	12.1875	7.875744012472726
31.25	25.093574874855914	31.25	17.1846588560844	10.5	8.760707733967616
31.25	26.920020430898635	31.25	16.307590257300433	11.625	8.680977767509832
31.1875	26.196895689184245	31.25	18.48140957827622	10.0625	8.272459957594235
31.25	25.16321720289359	31.25	16.663958113245485	10.25	7.562241731127087
31.1875	27.507314368182147	31.25	20.175789947360176	8.6875	7.7759143353048845
31.1875	24.804784694691467	31.25	16.467771555374455	11.4375	8.580273524194903
31.1875	26.13718316402898	31.25	17.210098779495716	10.3125	9.385618985980626
31.1875	26.772697730150394	31.25	19.10006544491406	10.3125	8.636541191356642
31.25	26.37114900795944	31.25	19.578368164890556	8.25	6.398241946034863
31.1875	26.30403664364084	31.25	17.115417026762742	10.5625	7.929129444649015
31.1875	26.86824042898976	31.25	20.33316256758894	8.8125	6.559523134344447
31.25	26.649343331496933	31.25	18.38987493160299	10.875	8.476990916592987
31.1875	26.93561478321963	31.25	18.849734746144307	10.4375	8.499770217482352
31.1875	26.821676751277128	31.25	19.482363819619014	9.6875	7.422253279833558
31.1875	26.98661415868986	31.25	18.342232688525137	10.5625	6.547602137424051
31.1875	27.74711415174558	31.25	18.447560814373265	12.6875	9.583310688379042
31.125	26.91392529899717	31.25	18.359261967737158	9.0	7.19374728496908
31.1875	26.161084529315676	31.25	16.180621125284407	13.6875	10.43862269411056
31.125	26.014118762702687	31.25	18.338824935093307	8.625	5.893587617063142
31.25	25.581976076917904	31.25	18.13318780578859	9.5	7.22841614740048
31.25	26.247618939629554	31.25	18.45772196128222	9.0	4.860555523805895
31.25	26.717269695835313	31.25	17.760560238911385	10.375	8.440045912197398
31.125	26.443040199644216	31.25	18.9357466184991	9.5	7.866066361276137
31.1875	26.98893002232582	31.25	17.760560238911385	11.0625	8.605730285687555
31.1875	26.60878320686611	31.25	18.232868671714826	9.4375	6.88266618034029
31.125	26.746203001547716	31.25	20.419047480232763	7.875	6.019499563917253
31.25	25.60395477265182	31.25	16.498105951896417	10.875	9.326541427560379
31.1875	26.37759169731005	31.25	18.115946014492316	11.1875	7.642142615130917
31.1875	27.102164927363276	31.25	20.953818267800262	9.9375	5.662030885645185
31.1875	26.742332429128165	31.25	20.16029513672853	9.5625	7.689024239134638
31.1875	26.954171175348723	31.25	17.77463079785344	10.0625	7.301273433449811
31.1875	26.896139941448848	31.25	18.849734746144307	10.6875	7.958633284050723
31.25	26.123504741898625	31.25	17.742956348929003	11.125	8.594147718069546
31.1875	27.356943245728313	31.25	22.832268831633883	6.9375	4.930374605443282
31.25	25.74271741677634	31.25	19.45668265660927	8.0	5.385164807134504
31.25	26.639960585556427	31.25	17.32591988899868	10.75	6.6661458129866915
31.125	26.443040199644216	31.25	18.521946441991457	9.625	6.771955035290769
31.25	27.231645194515885	31.25	17.980892636351513	9.75	8.481597726843686
31.25	26.82000186428032	31.25	18.511820547963403	11.75	6.94172168845741
31.125	27.782357261398825	31.25	19.667549415216936	10.875	8.365666440876064
31.1875	27.281446877869215	31.25	18.819869818890883	10.6875	8.060077155337906
31.25	27.072818471670068	31.25	17.33673844758581	11.75	7.378177281686853
31.1875	26.153916413225765	31.25	18.73999733191016	9.5625	8.077505416277974
31.125	26.851152209914567	31.25	19.093519843130025	10.875	8.425222548989433
31.125	26.844168361117095	31.25	19.743669871632274	10.25	8.40014880820572
31.1875	25.353053933402183	31.25	17.48749553252266	9.9375	7.428566062841469
31.25	25.537961939042827	31.25	18.972018869904172	10.25	6.098155458825234
31.1875	25.824452438531974	31.25	17.977416388346796	10.3125	7.863831365816538
31.25	26.61648925008706	31.25	19.181697005218282	9.375	7.440388094716565
31.25	26.41850677082261	31.25	20.104414938017968	9.625	7.114026637566098
31.25	25.827553116778212	31.25	19.794254216817567	10.75	7.877975628294365
31.25	25.655165171949292	31.25	19.158875227945924	8.25	6.6661458129866915
31.1875	26.450942209116107	31.25	16.727596958320103	12.1875	7.143342617430582
31.25	26.53182051801195	31.25	21.507266214003117	7.0	5.196152422706632
31.1875	25.722603751370116	31.25	17.340343133859836	11.0625	7.885657471003924
31.25	26.74766344935572	31.25	20.17269193736919	8.5	6.393355926272211
31.1875	27.832577023157594	31.25	22.373254121830378	8.9375	7.292708258939199
31.1875	26.313539171878798	31.25	19.5943231574862	9.4375	8.245974396637429
31.125	25.896126640870445	31.25	17.3799453393847	9.625	7.235977819203152
31.1875	26.408376393674793	31.25	19.721498421773127	9.3125	7.121435511889439
31.25	25.33648554949956	31.25	17.764078923490516	9.5	8.108637370113428
31.1875	26.90775620058276	31.25	19.285681216902866	9.5625	7.466330675104071
31.1875	26.95880827762978	31.25	17.70063558180892	11.3125	8.556567287762073
