0.01	387	170.51100000000008	0	0	387	74.60400000000006
0.01	387	167.98499999999987	0	0	387	74.60400000000006
0.01	387	165.075	0	0	387	74.60400000000006
0.01	387	170.92600000000007	0	0	387	74.60400000000006
0.01	387	169.76599999999996	0	0	387	74.60400000000006
0.01	387	169.26499999999996	0	0	387	74.60400000000006
0.01	387	172.45099999999982	0	0	387	74.60400000000006
0.01	387	168.6769999999999	0	0	387	74.60400000000006
0.01	387	170.09199999999996	0	0	387	74.60400000000006
0.01	387	166.04599999999996	0	0	387	74.60400000000006
0.02	387	168.40800000000007	0	0	387	74.60400000000006
0.02	387	172.30700000000013	0	0	387	74.60400000000006
0.02	387	167.94199999999978	0	0	387	74.60400000000006
0.02	387	166.27499999999986	0	0	387	74.60400000000006
0.02	387	163.9589999999999	0	0	387	74.60400000000006
0.02	387	175.15399999999988	0	0	387	74.60400000000006
0.02	387	173.9779999999998	0	0	387	74.60400000000006
0.02	387	162.83499999999998	0	0	387	74.60400000000006
0.02	387	162.7099999999999	0	0	387	74.60400000000006
0.02	387	168.4770000000001	0	0	387	74.60400000000006
0.03	387	167.23999999999972	0	0	387	74.60400000000006
0.03	387	168.46399999999994	0	0	387	74.60400000000006
0.03	387	170.99899999999988	0	0	387	74.60400000000006
0.03	387	170.74099999999999	0	0	387	74.60400000000006
0.03	387	173.1309999999999	0	0	387	74.60400000000006
0.03	387	168.71099999999984	0	0	387	74.60400000000006
0.03	387	171.0039999999998	0	0	387	74.60400000000006
0.03	387	173.37599999999992	0	0	387	74.60400000000006
0.03	387	171.9629999999999	0	0	387	74.60400000000006
0.03	387	166.6549999999999	0	0	387	74.60400000000006
0.04	387	173.7109999999999	0	0	387	74.60400000000006
0.04	387	170.24299999999994	0	0	387	74.60400000000006
0.04	387	164.36700000000013	0	0	387	74.60400000000006
0.04	387	174.5619999999998	0	0	387	74.60400000000006
0.04	387	168.03499999999997	0	0	387	74.60400000000006
0.04	387	170.60199999999975	0	0	387	74.60400000000006
0.04	387	170.21399999999974	0	0	387	74.60400000000006
0.04	387	172.0619999999999	0	0	387	74.60400000000006
0.04	387	164.36800000000002	0	0	387	74.60400000000006
0.04	387	163.3019999999999	0	0	387	74.60400000000006
0.05	387	169.13199999999986	0	0	387	74.60400000000006
0.05	387	169.50200000000004	0	0	387	74.60400000000006
0.05	387	171.40199999999996	0	0	387	74.60400000000006
0.05	387	166.26299999999986	0	0	387	74.60400000000006
0.05	387	169.1389999999999	0	0	387	74.60400000000006
0.05	387	171.22499999999988	0	0	387	74.60400000000006
0.05	387	166.55200000000002	0	0	387	74.60400000000006
0.05	387	164.70299999999995	0	0	387	74.60400000000006
0.05	387	163.32000000000005	0	0	387	74.60400000000006
0.05	387	165.32999999999996	0	0	387	74.60400000000006
0.06	387	170.74599999999992	0	0	387	74.60400000000006
0.06	387	169.90199999999993	0	0	387	74.60400000000006
0.06	387	169.89299999999977	0	0	387	74.60400000000006
0.06	387	174.58499999999987	0	0	387	74.60400000000006
0.06	387	166.0690000000001	0	0	387	74.60400000000006
0.06	387	173.70899999999978	0	0	387	74.60400000000006
0.06	387	163.37999999999988	0	0	387	74.60400000000006
0.06	387	167.65699999999995	0	0	387	74.60400000000006
0.06	387	172.48200000000003	0	0	387	74.60400000000006
0.06	387	168.2749999999999	0	0	387	74.60400000000006
0.07	387	165.58800000000002	0	0	387	74.60400000000006
0.07	387	167.19	0	0	387	74.60400000000006
0.07	387	168.47599999999971	0	0	387	74.60400000000006
0.07	387	175.8529999999998	0	0	387	74.60400000000006
0.07	387	174.5799999999999	0	0	387	74.60400000000006
0.07	387	165.61199999999988	0	0	387	74.60400000000006
0.07	387	169.287	0	0	387	74.60400000000006
0.07	387	174.5429999999999	0	0	387	74.60400000000006
0.07	387	173.81	0	0	387	74.60400000000006
0.07	387	166.69700000000006	0	0	387	74.60400000000006
0.08	387	177.11699999999988	0	0	387	74.60400000000006
0.08	387	170.53800000000004	0	0	387	74.60400000000006
0.08	387	174.36599999999993	0	0	387	74.60400000000006
0.08	387	169.05299999999988	0	0	387	74.60400000000006
0.08	387	163.22399999999996	0	0	387	74.60400000000006
0.08	387	170.39299999999997	0	0	387	74.60400000000006
0.08	387	166.64099999999985	0	0	387	74.60400000000006
0.08	387	172.37199999999996	0	0	387	74.60400000000006
0.08	387	169.25099999999992	0	0	387	74.60400000000006
0.08	387	169.36799999999997	0	0	387	74.60400000000006
0.09	387	167.32200000000003	0	0	387	74.60400000000006
0.09	387	164.86899999999983	0	0	387	74.60400000000006
0.09	387	170.25899999999984	0	0	387	74.60400000000006
0.09	387	164.802	0	0	387	74.60400000000006
0.09	387	166.8679999999998	0	0	387	74.60400000000006
0.09	387	173.2229999999998	0	0	387	74.60400000000006
0.09	387	172.5949999999999	0	0	387	74.60400000000006
0.09	387	170.54099999999985	0	0	387	74.60400000000006
0.09	387	169.35899999999975	0	0	387	74.60400000000006
0.09	387	166.96899999999988	0	0	387	74.60400000000006
0.1	387	176.2609999999998	0	0	387	74.60400000000006
0.1	387	175.10300000000007	0	0	387	74.60400000000006
0.1	387	175.54199999999975	0	0	387	74.60400000000006
0.1	387	168.9129999999998	0	0	387	74.60400000000006
0.1	387	168.51100000000002	0	0	387	74.60400000000006
0.1	387	170.14199999999997	0	0	387	74.60400000000006
0.1	387	168.52199999999988	0	0	387	74.60400000000006
0.1	387	178.18699999999984	0	0	387	74.60400000000006
0.1	387	160.97599999999994	0	0	387	74.60400000000006
0.1	387	162.02199999999982	0	0	387	74.60400000000006
0.11	387	167.39399999999983	0	0	387	74.60400000000006
0.11	387	166.21499999999997	0	0	387	74.60400000000006
0.11	387	166.62299999999988	0	0	387	74.60400000000006
0.11	387	164.809	0	0	387	74.60400000000006
0.11	387	174.09699999999995	0	0	387	74.60400000000006
0.11	387	173.78199999999987	0	0	387	74.60400000000006
0.11	387	171.32099999999983	0	0	387	74.60400000000006
0.11	387	174.98599999999976	0	0	387	74.60400000000006
0.11	387	166.95300000000012	0	0	387	74.60400000000006
0.11	387	161.14799999999997	0	0	387	74.60400000000006
0.12	387	177.49399999999986	0	0	387	74.60400000000006
0.12	387	164.4639999999999	0	0	387	74.60400000000006
0.12	387	169.37899999999976	0	0	387	74.60400000000006
0.12	387	167.41299999999998	0	0	387	74.60400000000006
0.12	387	171.60399999999993	0	0	387	74.60400000000006
0.12	387	168.7719999999999	0	0	387	74.60400000000006
0.12	387	171.85499999999988	0	0	387	74.60400000000006
0.12	387	166.6439999999999	0	0	387	74.60400000000006
0.12	387	175.4559999999999	0	0	387	74.60400000000006
0.12	387	165.58499999999995	0	0	387	74.60400000000006
0.13	387	169.41500000000002	0	0	387	74.60400000000006
0.13	387	168.51100000000005	0	0	387	74.60400000000006
0.13	387	167.9779999999999	0	0	387	74.60400000000006
0.13	387	168.7769999999999	2	1.097	385	74.36800000000005
0.13	387	163.80099999999985	1	0.166	386	74.48600000000006
0.13	387	173.41799999999992	0	0	387	74.60400000000006
0.13	387	170.21599999999998	0	0	387	74.60400000000006
0.13	387	167.44399999999985	0	0	387	74.60400000000006
0.13	387	167.24599999999984	1	0.108	386	74.45600000000006
0.13	387	163.8249999999998	0	0	387	74.60400000000006
0.14	387	174.13299999999992	4	1.98	383	73.81700000000005
0.14	387	169.02399999999992	2	0.849	385	74.33800000000005
0.14	387	171.66999999999985	3	1.1270000000000002	384	74.22400000000006
0.14	387	171.75999999999993	3	1.282	384	73.99900000000005
0.14	387	174.79900000000004	0	0	387	74.60400000000006
0.14	387	165.15999999999988	2	0.692	385	74.43600000000005
0.14	387	170.78000000000006	2	1.036	385	74.37200000000006
0.14	387	164.52899999999985	0	0	387	74.60400000000006
0.14	387	173.50199999999992	1	0.714	386	74.45600000000006
0.14	387	166.99399999999997	4	1.8679999999999999	383	74.20400000000005
0.15	387	169.23300000000012	4	2.093	383	74.07200000000006
0.15	387	168.15000000000003	3	1.352	384	74.25000000000006
0.15	387	177.68299999999988	3	1.8090000000000002	384	73.71000000000005
0.15	387	167.94199999999998	5	2.1470000000000002	382	73.21900000000004
0.15	387	164.20199999999986	7	3.254	380	73.49700000000004
0.15	387	167.38199999999986	6	3.5829999999999997	381	73.07100000000004
0.15	387	171.81799999999987	8	2.6350000000000002	379	72.80500000000004
0.15	387	157.041	2	0.776	385	74.08300000000006
0.15	387	169.1979999999998	0	0	387	74.60400000000006
0.15	387	167.5519999999999	7	3.588	380	73.27600000000004
0.16	387	164.913	9	4.051	378	73.04000000000003
0.16	387	162.66699999999997	16	6.331999999999999	371	71.77500000000002
0.16	387	169.02999999999994	11	5.019	376	72.51900000000003
0.16	387	166.46299999999982	6	2.383	381	73.61900000000006
0.16	387	172.5879999999998	11	4.876	376	72.83000000000004
0.16	387	173.1369999999998	16	6.92	371	71.32500000000002
0.16	387	176.0189999999999	14	6.343000000000001	373	71.43000000000002
0.16	387	172.5719999999999	10	4.237000000000001	377	72.85800000000003
0.16	387	166.44599999999983	20	7.875	367	70.471
0.16	387	167.8299999999998	10	5.123000000000001	377	72.88400000000004
0.17	387	167.3599999999998	36	14.398	351	67.29799999999997
0.17	387	169.22699999999983	25	9.952	362	68.86499999999998
0.17	387	174.19699999999995	25	12.459999999999999	362	69.634
0.17	387	170.70299999999995	28	13.563999999999997	359	69.35199999999998
0.17	387	170.51199999999992	20	9.575999999999999	367	69.672
0.17	387	168.29799999999992	24	9.707	363	69.819
0.17	387	167.6560000000001	25	10.020999999999999	362	70.377
0.17	387	168.179	23	9.948	364	69.577
0.17	387	159.78199999999998	16	7.198	371	71.55000000000003
0.17	387	165.45899999999997	25	10.518999999999998	362	70.376
0.18	387	171.46600000000004	50	21.815	337	64.671
0.18	387	164.17899999999975	56	22.984999999999996	331	63.79800000000001
0.18	387	170.49099999999987	45	20.350999999999996	342	65.92899999999999
0.18	387	166.0909999999998	38	17.819999999999997	349	67.92399999999999
0.18	387	164.297	38	14.385000000000005	349	66.701
0.18	387	167.26299999999998	35	13.183	352	68.72399999999999
0.18	387	163.7569999999998	37	15.523	350	67.209
0.18	387	169.04399999999987	44	19.540999999999997	343	65.296
0.18	387	168.55399999999992	38	17.403	349	67.77099999999997
0.18	387	166.95199999999974	38	15.224000000000002	349	67.181
0.19	387	168.18099999999976	67	26.704999999999995	320	62.16300000000002
0.19	387	179.23199999999994	48	24.168999999999997	339	65.40599999999999
0.19	387	162.24099999999981	61	23.220000000000002	326	62.360000000000035
0.19	387	159.34699999999995	58	23.988000000000003	329	62.95800000000002
0.19	387	169.46499999999978	61	29.214999999999993	326	64.25199999999998
0.19	387	169.20199999999986	49	17.977	338	65.715
0.19	387	168.35599999999997	66	31.22500000000001	321	62.05600000000002
0.19	387	171.94299999999984	59	27.718999999999998	328	63.519999999999996
0.19	387	171.927	47	20.599	340	64.35000000000001
0.19	387	174.3809999999999	60	26.481	327	64.14499999999998
0.2	387	162.83800000000002	79	32.439	308	59.65300000000002
0.2	387	169.38699999999977	81	33.868	306	59.46900000000003
0.2	387	167.95599999999993	79	34.797000000000004	308	59.82900000000002
0.2	387	170.1090000000001	93	45.054	294	57.34300000000001
0.2	387	163.46599999999992	78	35.21400000000002	309	60.74600000000001
0.2	387	171.48200000000003	73	33.062000000000005	314	59.71500000000004
0.2	387	168.753	71	31.494999999999997	316	60.135000000000026
0.2	387	169.72199999999975	94	39.67000000000001	293	57.38200000000001
0.2	387	168.37700000000012	81	35.659	306	58.543000000000035
0.2	387	168.2899999999999	69	30.394999999999996	318	62.025000000000006
0.2	387	167.68899999999974	81	33.223	306	60.654000000000025
0.2	387	165.32499999999976	68	27.875999999999994	319	62.47300000000001
0.2	387	164.63699999999997	71	30.279000000000003	316	60.79800000000004
0.2	387	163.57099999999988	90	38.297000000000004	297	57.27100000000004
0.2	387	176.06499999999974	81	35.96200000000001	306	58.23200000000003
0.2	387	167.461	77	33.77700000000001	310	61.02500000000001
0.2	387	161.95499999999998	82	37.095	305	57.709000000000024
0.2	387	167.87199999999996	86	40.628000000000014	301	58.51300000000002
0.2	387	167.16899999999987	85	36.42400000000001	302	58.169000000000025
0.2	387	167.6089999999999	88	39.29299999999999	299	57.12100000000004
0.25	387	171.51000000000005	208	88.27399999999993	179	32.55900000000003
0.25	387	173.0439999999999	178	81.49200000000002	209	41.591000000000065
0.25	387	168.48799999999991	170	72.464	217	43.0490000000001
0.25	387	173.17899999999992	207	92.64500000000002	180	34.34600000000012
0.25	387	167.87800000000004	182	79.90700000000007	205	38.19500000000013
0.25	387	169.40799999999982	185	82.49500000000002	202	40.8370000000001
0.25	387	170.4459999999999	199	85.92	188	38.741000000000085
0.25	387	176.31399999999994	178	78.60799999999996	209	40.074000000000105
0.25	387	166.5900000000001	185	78.436	202	38.336000000000126
0.25	387	164.24999999999986	179	74.671	208	39.21600000000012
0.3	387	163.83199999999988	275	115.56200000000001	112	21.50599999999998
0.3	387	170.18	261	111.30999999999993	126	24.42599999999999
0.3	387	167.928	272	120.13999999999989	115	22.04699999999998
0.3	387	167.95000000000007	284	122.73400000000002	103	20.03499999999998
0.3	387	168.78000000000006	284	124.28499999999995	103	20.14099999999998
0.3	387	170.381	278	122.31500000000003	109	20.89399999999998
0.3	387	169.9959999999999	286	123.28299999999999	101	19.123999999999974
0.3	387	170.62799999999996	265	114.6659999999999	122	24.335999999999988
0.3	387	175.18999999999997	273	121.69000000000001	114	22.00099999999998
0.3	387	166.48499999999987	295	125.8759999999999	92	19.072999999999983
0.35	387	165.78	335	142.47300000000004	52	9.223999999999998
0.35	387	174.79299999999995	313	141.4709999999999	74	14.571999999999983
0.35	387	169.91299999999993	324	140.21	63	13.06799999999999
0.35	387	167.56799999999984	334	143.6479999999999	53	10.107999999999997
0.35	387	175.3229999999998	323	146.1409999999998	64	12.44399999999999
0.35	387	172.11400000000003	327	144.117	60	10.598999999999993
0.35	387	161.04899999999992	317	133.3639999999999	70	12.689999999999987
0.35	387	170.3920000000002	313	140.29799999999994	74	15.156999999999984
0.35	387	168.97199999999984	313	137.46799999999988	74	12.518999999999986
0.35	387	167.63500000000002	326	141.74099999999984	61	11.668999999999993
0.4	387	172.10399999999998	350	155.39699999999988	37	6.692999999999999
0.4	387	173.1759999999997	348	155.20199999999974	39	7.2959999999999985
0.4	387	163.62799999999996	338	141.87799999999996	49	8.636999999999999
0.4	387	161.98899999999986	361	151.4739999999999	26	5.3740000000000006
0.4	387	178.5539999999999	353	163.29799999999997	34	6.938999999999999
0.4	387	163.90499999999986	346	145.12399999999997	41	9.01
0.4	387	169.15400000000005	338	149.63499999999996	49	10.234999999999998
0.4	387	163.46199999999993	355	150.6599999999999	32	6.809000000000001
0.4	387	169.83500000000004	335	149.1749999999999	52	10.011999999999997
0.4	387	164.33800000000008	341	142.50699999999998	46	8.959
0.45	387	166.30000000000004	363	155.80699999999987	24	4.755
0.45	387	169.3649999999999	360	157.7249999999999	27	6.099
0.45	387	166.53099999999986	363	156.40599999999986	24	4.600999999999999
0.45	387	167.44900000000004	354	155.341	33	6.646000000000001
0.45	387	167.794	362	157.551	25	5.413
0.45	387	174.8579999999998	361	162.91299999999978	26	4.03
0.45	387	163.20499999999998	357	150.52399999999994	30	7.380000000000003
0.45	387	168.9699999999999	359	157.9249999999999	28	5.962
0.45	387	171.29699999999988	363	161.66499999999988	24	4.375999999999999
0.45	387	167.089	357	154.42699999999996	30	5.615999999999999
0.5	387	175.10999999999981	369	166.93199999999987	18	3.9910000000000005
0.5	387	165.207	369	157.41799999999995	18	4.216
0.5	387	167.10099999999994	362	156.06699999999998	25	4.875999999999999
0.5	387	161.87000000000003	370	154.52999999999997	17	3.7750000000000012
0.5	387	168.43099999999987	369	159.2969999999999	18	3.574000000000001
0.5	387	168.11999999999995	370	161.23599999999996	17	3.0660000000000003
0.5	387	163.49199999999988	359	153.37699999999987	28	5.932
0.5	387	170.82999999999984	368	163.1149999999998	19	3.5270000000000006
0.5	387	166.99599999999978	366	158.48699999999974	21	4.634
0.5	387	173.33999999999997	362	161.779	25	4.909999999999999
0.55	387	162.99699999999976	374	157.38699999999983	13	2.2830000000000004
0.55	387	168.15199999999996	374	162.84199999999993	13	2.449
0.55	387	169.54599999999976	377	164.55299999999988	10	1.585
0.55	387	172.74899999999977	375	166.4609999999998	12	2.1430000000000002
0.55	387	166.36900000000006	366	157.85600000000008	21	5.0200000000000005
0.55	387	165.5289999999999	373	160.40999999999985	14	2.9490000000000007
0.55	387	165.94799999999984	364	156.5319999999999	23	4.675
0.55	387	163.32999999999993	374	158.4159999999999	13	3.3750000000000004
0.55	387	169.64100000000005	373	163.84000000000012	14	2.529
0.55	387	164.948	376	160.02899999999997	11	2.344
0.6	387	166.104	373	160.746	14	2.439
0.6	387	168.10499999999988	375	162.76399999999992	12	2.042
0.6	387	173.53500000000003	380	170.56699999999998	7	1.358
0.6	387	167.40599999999984	371	160.40299999999993	16	2.8960000000000004
0.6	387	164.26699999999988	378	160.85099999999989	9	2.3970000000000002
0.6	387	169.40000000000012	379	166.50300000000007	8	2.2150000000000003
0.6	387	169.90300000000008	371	163.7550000000001	16	2.416
0.6	387	165.2849999999999	375	159.8839999999999	12	2.012
0.6	387	169.57199999999995	379	166.26799999999994	8	2.024
0.6	387	167.3859999999999	379	163.85599999999994	8	1.225
0.65	387	172.71399999999997	382	170.19499999999996	5	0.875
0.65	387	169.78599999999994	380	166.38699999999994	7	1.009
0.65	387	170.23999999999995	381	168.58699999999996	6	0.989
0.65	387	168.86599999999981	378	164.9599999999998	9	1.3130000000000002
0.65	387	162.88399999999996	380	160.44899999999996	7	1.362
0.65	387	165.18199999999996	375	159.34999999999994	12	1.847
0.65	387	165.66499999999994	376	161.29499999999993	11	2.051
0.65	387	170.05900000000008	380	166.07400000000013	7	1.298
0.65	387	171.6159999999999	380	167.54999999999993	7	1.1030000000000002
0.65	387	168.0709999999998	380	165.02599999999984	7	1.1030000000000002
0.7	387	166.92999999999998	380	163.22399999999996	7	1.5530000000000002
0.7	387	162.88999999999984	385	162.03299999999987	2	0.491
0.7	387	176.05700000000002	381	173.87699999999998	6	1.338
0.7	387	171.116	382	168.849	5	0.582
0.7	387	167.7319999999999	380	164.71199999999996	7	1.591
0.7	387	163.81899999999993	382	161.4379999999999	5	0.8069999999999999
0.7	387	165.38099999999977	382	163.27699999999982	5	1.385
0.7	387	172.18799999999996	382	169.53599999999997	5	0.8069999999999999
0.7	387	170.73999999999998	383	168.851	4	0.693
0.7	387	170.25499999999982	381	167.74399999999986	6	1.278
0.75	387	171.92599999999987	386	171.33399999999986	1	0.08399999999999999
0.75	387	174.00799999999967	382	171.88799999999966	5	0.965
0.75	387	171.5109999999999	378	165.48799999999994	9	2.0100000000000002
0.75	387	165.85699999999974	385	164.66699999999975	2	0.45699999999999996
0.75	387	165.45099999999994	379	161.70399999999987	8	1.319
0.75	387	173.65900000000008	381	171.66400000000002	6	0.989
0.75	387	170.21399999999997	383	168.51599999999996	4	0.757
0.75	387	169.1959999999999	379	165.0539999999999	8	1.964
0.75	387	166.16799999999992	379	162.7979999999999	8	1.221
0.75	387	169.9169999999999	386	169.4289999999999	1	0.148
0.8	387	174.43	382	172.324	5	0.905
0.8	387	166.71699999999987	384	165.03699999999986	3	0.575
0.8	387	170.19899999999998	382	168.36999999999998	5	1.19
0.8	387	173.12099999999998	383	171.43299999999994	4	1.237
0.8	387	162.1179999999999	386	161.7409999999999	1	0.373
0.8	387	171.3289999999998	385	170.90299999999982	2	0.266
0.8	387	166.94200000000006	386	166.39400000000003	1	0.118
0.8	387	167.0320000000001	384	165.3480000000001	3	0.864
0.8	387	165.48600000000005	386	165.21200000000005	1	0.373
0.8	387	163.35099999999989	383	160.78799999999987	4	0.46399999999999997
0.85	387	165.59799999999984	383	164.20599999999985	4	0.723
0.85	387	168.09599999999992	385	166.80199999999988	2	0.266
0.85	387	161.27399999999992	381	158.24899999999994	6	0.8949999999999999
0.85	387	171.38999999999987	385	170.60499999999988	2	0.521
0.85	387	167.08599999999984	383	165.03499999999985	4	0.46399999999999997
0.85	387	171.35199999999972	384	169.88699999999974	3	0.35
0.85	387	166.93199999999996	386	166.36099999999996	1	0.08399999999999999
0.85	387	162.902	383	160.776	4	0.787
0.85	387	172.03199999999995	383	170.01899999999992	4	1.012
0.85	387	173.4319999999998	385	172.5329999999998	2	0.236
0.9	387	172.56499999999986	384	170.77499999999984	3	0.38
0.9	387	170.8569999999998	384	169.42599999999982	3	0.41400000000000003
0.9	387	163.95599999999976	382	160.98299999999975	5	0.582
0.9	387	169.70099999999988	384	168.23999999999987	3	0.639
0.9	387	162.28799999999998	385	161.28199999999995	2	0.266
0.9	387	169.1459999999998	383	167.54999999999978	4	1.012
0.9	387	162.33300000000003	385	161.33900000000006	2	0.23199999999999998
0.9	387	170.827	385	169.983	2	0.236
0.9	387	162.95899999999978	383	161.70699999999982	4	0.6589999999999999
0.9	387	168.08799999999994	386	167.74699999999996	1	0.373
0.95	387	169.72099999999995	383	168.08599999999993	4	1.042
0.95	387	173.26600000000005	384	171.82600000000005	3	0.41400000000000003
0.95	387	170.3589999999998	385	169.52899999999983	2	0.20199999999999999
0.95	387	167.16900000000012	383	165.2830000000001	4	0.723
0.95	387	169.36400000000003	385	168.734	2	0.20199999999999999
0.95	387	160.27099999999993	381	157.73999999999992	6	1.503
0.95	387	166.00099999999998	386	165.89499999999998	1	0.148
0.95	387	172.82099999999994	385	171.63599999999994	2	0.266
0.95	387	172.99999999999997	384	171.52599999999998	3	0.669
0.95	387	168.65599999999986	379	165.38899999999987	8	1.2850000000000001
1.0	387	164.29899999999995	385	163.77899999999994	2	0.491
1.0	387	170.26899999999992	383	168.6709999999999	4	0.787
1.0	387	169.54499999999982	386	168.99699999999982	1	0.148
1.0	387	170.72699999999998	387	170.72699999999998	0	0
1.0	387	169.33499999999992	384	167.6339999999999	3	0.35
1.0	387	170.20500000000007	384	169.41500000000005	3	0.354
1.0	387	172.9059999999999	386	172.57099999999988	1	0.373
1.0	387	172.92399999999984	384	170.94899999999984	3	0.605
1.0	387	166.3789999999999	386	166.08899999999988	1	0.373
1.0	387	166.72	384	164.96300000000002	3	0.38
