0.01	500	216.4680000000002	0	0	500	95.07200000000047
0.01	500	215.11999999999986	0	0	500	95.07200000000047
0.01	500	219.95499999999979	0	0	500	95.07200000000047
0.01	500	224.23399999999967	0	0	500	95.07200000000047
0.01	500	217.0739999999999	0	0	500	95.07200000000047
0.01	500	223.53599999999966	0	0	500	95.07200000000047
0.01	500	219.3219999999999	0	0	500	95.07200000000047
0.01	500	211.17800000000014	0	0	500	95.07200000000047
0.01	500	216.96199999999982	0	0	500	95.07200000000047
0.01	500	219.85100000000003	0	0	500	95.07200000000047
0.02	500	217.51799999999977	0	0	500	95.07200000000047
0.02	500	217.1589999999998	0	0	500	95.07200000000047
0.02	500	218.89499999999987	0	0	500	95.07200000000047
0.02	500	220.32300000000006	0	0	500	95.07200000000047
0.02	500	213.49900000000008	0	0	500	95.07200000000047
0.02	500	218.23999999999987	0	0	500	95.07200000000047
0.02	500	215.78299999999962	0	0	500	95.07200000000047
0.02	500	225.48899999999998	0	0	500	95.07200000000047
0.02	500	225.11499999999992	0	0	500	95.07200000000047
0.02	500	219.73499999999987	0	0	500	95.07200000000047
0.03	500	218.05099999999976	0	0	500	95.07200000000047
0.03	500	213.73200000000006	0	0	500	95.07200000000047
0.03	500	222.755	0	0	500	95.07200000000047
0.03	500	220.41599999999963	0	0	500	95.07200000000047
0.03	500	215.61700000000008	0	0	500	95.07200000000047
0.03	500	219.28799999999993	0	0	500	95.07200000000047
0.03	500	214.35300000000004	0	0	500	95.07200000000047
0.03	500	216.77099999999982	0	0	500	95.07200000000047
0.03	500	220.02099999999984	0	0	500	95.07200000000047
0.03	500	219.3959999999999	0	0	500	95.07200000000047
0.04	500	213.9889999999997	0	0	500	95.07200000000047
0.04	500	218.92900000000012	0	0	500	95.07200000000047
0.04	500	218.08999999999978	0	0	500	95.07200000000047
0.04	500	223.8469999999999	0	0	500	95.07200000000047
0.04	500	216.125	0	0	500	95.07200000000047
0.04	500	225.10599999999982	0	0	500	95.07200000000047
0.04	500	215.691	0	0	500	95.07200000000047
0.04	500	222.31499999999983	0	0	500	95.07200000000047
0.04	500	213.84599999999986	0	0	500	95.07200000000047
0.04	500	220.82600000000002	0	0	500	95.07200000000047
0.05	500	208.03399999999968	0	0	500	95.07200000000047
0.05	500	222.3419999999998	0	0	500	95.07200000000047
0.05	500	221.37999999999997	0	0	500	95.07200000000047
0.05	500	215.76299999999986	0	0	500	95.07200000000047
0.05	500	221.21199999999993	0	0	500	95.07200000000047
0.05	500	216.29199999999983	0	0	500	95.07200000000047
0.05	500	223.88899999999984	0	0	500	95.07200000000047
0.05	500	215.8639999999997	0	0	500	95.07200000000047
0.05	500	215.45899999999995	0	0	500	95.07200000000047
0.05	500	223.95700000000016	0	0	500	95.07200000000047
0.06	500	214.49000000000004	0	0	500	95.07200000000047
0.06	500	220.7240000000001	0	0	500	95.07200000000047
0.06	500	221.59699999999955	0	0	500	95.07200000000047
0.06	500	218.61099999999985	0	0	500	95.07200000000047
0.06	500	211.0369999999998	0	0	500	95.07200000000047
0.06	500	218.0479999999999	0	0	500	95.07200000000047
0.06	500	215.61699999999973	0	0	500	95.07200000000047
0.06	500	216.33999999999975	0	0	500	95.07200000000047
0.06	500	215.64899999999975	0	0	500	95.07200000000047
0.06	500	215.9660000000001	0	0	500	95.07200000000047
0.07	500	217.67899999999997	1	0.174	499	94.92400000000046
0.07	500	222.8960000000001	0	0	500	95.07200000000047
0.07	500	215.12500000000003	0	0	500	95.07200000000047
0.07	500	213.85299999999984	1	0.21999999999999997	499	94.95400000000046
0.07	500	211.98799999999994	0	0	500	95.07200000000047
0.07	500	218.75099999999983	0	0	500	95.07200000000047
0.07	500	216.26899999999986	0	0	500	95.07200000000047
0.07	500	217.97499999999988	0	0	500	95.07200000000047
0.07	500	228.77100000000007	0	0	500	95.07200000000047
0.07	500	213.60099999999989	0	0	500	95.07200000000047
0.08	500	213.62099999999987	1	0.471	499	94.69900000000047
0.08	500	214.0789999999998	3	1.008	497	94.69200000000045
0.08	500	212.81799999999984	0	0	500	95.07200000000047
0.08	500	215.1859999999999	1	0.6609999999999999	499	94.92400000000046
0.08	500	215.36999999999983	4	1.4100000000000001	496	94.09400000000045
0.08	500	226.05499999999995	2	1.4259999999999997	498	94.84000000000046
0.08	500	221.81899999999996	1	0.493	499	94.92400000000046
0.08	500	216.6269999999998	1	0.45399999999999996	499	94.95400000000046
0.08	500	223.152	0	0	500	95.07200000000047
0.08	500	218.2599999999999	1	0.40700000000000003	499	94.69900000000047
0.09	500	222.67499999999976	5	2.146	495	94.23500000000044
0.09	500	208.79399999999998	4	1.6149999999999998	496	94.28500000000045
0.09	500	215.9539999999999	5	2.982	495	94.16700000000044
0.09	500	217.1339999999999	4	2.0100000000000002	496	94.63400000000046
0.09	500	219.69299999999976	2	0.748	498	94.80600000000045
0.09	500	215.86100000000008	5	1.863	495	94.55000000000045
0.09	500	218.0429999999997	7	3.428	493	94.19400000000043
0.09	500	220.0769999999997	10	4.324	490	93.32600000000042
0.09	500	215.65299999999976	10	3.741	490	92.87600000000043
0.09	500	213.02599999999995	6	3.181	494	94.17700000000045
0.1	500	216.90199999999993	24	10.537999999999998	476	89.74400000000036
0.1	500	213.29999999999993	22	9.387	478	90.83800000000038
0.1	500	214.8879999999998	20	7.426000000000001	480	90.33100000000039
0.1	500	216.98099999999988	18	8.719999999999999	482	91.6550000000004
0.1	500	215.77899999999974	25	10.539999999999997	475	90.77300000000037
0.1	500	210.04399999999998	29	11.192000000000004	471	88.95400000000033
0.1	500	207.84499999999989	30	12.681999999999995	470	88.88200000000033
0.1	500	220.04399999999953	27	11.684	473	89.48700000000035
0.1	500	219.28299999999996	25	11.755000000000003	475	90.42500000000037
0.1	500	214.65599999999984	28	12.767	472	89.65400000000035
0.11	500	218.86699999999982	45	18.383000000000003	455	86.61300000000026
0.11	500	214.8729999999999	50	24.023000000000003	450	86.83500000000025
0.11	500	207.5100000000001	53	22.649000000000004	447	85.60600000000022
0.11	500	212.8159999999999	65	29.24299999999999	435	82.22300000000018
0.11	500	218.103	56	23.972999999999992	444	84.2360000000002
0.11	500	220.88400000000004	71	29.830000000000005	429	82.74500000000018
0.11	500	216.47599999999994	59	25.119000000000007	441	82.80300000000021
0.11	500	217.72600000000014	57	25.185000000000006	443	85.55800000000023
0.11	500	225.94399999999976	53	21.663	447	85.55800000000022
0.11	500	218.69699999999972	51	22.090000000000007	449	85.08500000000024
0.12	500	222.27000000000007	105	46.122000000000014	395	75.65500000000009
0.12	500	211.1989999999997	102	44.573	398	76.8300000000001
0.12	500	220.44199999999987	101	47.650999999999996	399	75.98200000000008
0.12	500	212.92099999999985	115	49.20300000000002	385	73.16600000000005
0.12	500	218.2909999999999	111	49.11700000000001	389	76.37000000000008
0.12	500	220.1170000000001	90	40.812	410	77.96800000000013
0.12	500	217.97799999999967	112	48.25100000000001	388	73.98500000000007
0.12	500	219.1120000000001	96	40.452	404	75.31400000000009
0.12	500	222.19900000000007	97	43.29299999999999	403	76.2160000000001
0.12	500	216.2189999999999	105	44.89799999999999	395	73.13100000000006
0.13	500	216.083	150	64.578	350	64.453
0.13	500	218.12100000000007	156	68.70699999999997	344	66.47599999999998
0.13	500	211.41000000000005	149	61.15299999999999	351	65.30800000000004
0.13	500	219.85699999999989	143	62.685000000000045	357	66.86800000000001
0.13	500	215.11700000000005	123	55.41999999999999	377	71.19300000000001
0.13	500	219.32899999999984	154	70.703	346	66.59899999999999
0.13	500	221.29599999999996	142	64.639	358	69.101
0.13	500	221.67199999999983	153	69.42100000000002	347	65.69600000000001
0.13	500	215.7189999999997	152	63.56999999999998	348	67.21
0.13	500	216.30599999999993	147	63.89899999999999	353	68.36999999999998
0.14	500	221.3549999999999	218	95.89999999999999	282	55.28500000000003
0.14	500	216.27199999999988	188	85.65400000000005	312	57.98900000000006
0.14	500	221.87599999999972	205	92.32500000000002	295	58.54300000000003
0.14	500	227.57599999999965	229	102.02900000000002	271	50.82900000000007
0.14	500	220.38299999999998	214	94.502	286	55.28300000000006
0.14	500	215.08199999999997	208	88.05899999999994	292	55.43500000000007
0.14	500	221.74599999999987	202	87.84599999999998	298	57.285000000000025
0.14	500	217.2460000000001	184	80.79499999999999	316	59.264000000000046
0.14	500	219.04899999999995	205	92.30399999999999	295	54.991000000000064
0.14	500	215.59999999999977	198	83.28200000000001	302	58.28000000000006
0.15	500	215.26799999999986	256	110.626	244	46.01500000000012
0.15	500	219.85100000000003	240	106.89000000000003	260	50.62700000000006
0.15	500	220.92699999999977	270	117.932	230	44.19400000000008
0.15	500	225.20499999999979	271	122.3579999999999	229	43.68900000000009
0.15	500	223.4689999999998	256	113.83199999999995	244	45.92200000000011
0.15	500	214.5439999999998	258	107.93499999999997	242	46.376000000000104
0.15	500	219.69199999999984	247	110.288	253	49.729000000000084
0.15	500	222.69599999999986	248	110.94899999999997	252	47.6310000000001
0.15	500	217.4169999999999	255	106.98	245	46.396000000000114
0.15	500	225.406	250	113.64999999999993	250	47.319000000000116
0.16	500	214.1729999999998	286	119.779	214	39.56400000000013
0.16	500	218.65	296	130.86999999999986	204	39.17500000000013
0.16	500	215.07799999999963	304	129.06899999999993	196	36.09400000000014
0.16	500	226.01599999999982	292	134.74800000000002	208	40.488000000000106
0.16	500	212.4889999999999	301	126.887	199	39.589000000000084
0.16	500	225.22899999999998	290	133.41299999999993	210	38.94200000000013
0.16	500	217.2549999999999	310	137.242	190	36.24200000000012
0.16	500	220.42999999999986	300	130.66800000000003	200	38.50400000000013
0.16	500	215.31499999999966	287	126.81899999999999	213	42.6110000000001
0.16	500	221.99700000000007	321	142.392	179	35.091000000000115
0.17	500	221.85700000000003	328	145.57599999999994	172	36.513000000000076
0.17	500	217.81700000000015	334	143.2639999999999	166	32.25300000000002
0.17	500	220.17099999999988	311	137.72899999999993	189	35.18300000000013
0.17	500	222.72699999999972	318	139.9109999999998	182	32.62800000000004
0.17	500	221.42099999999974	338	150.66399999999993	162	31.353000000000012
0.17	500	221.0909999999999	338	150.8529999999999	162	32.47200000000004
0.17	500	209.57999999999967	329	139.35899999999987	171	32.68400000000004
0.17	500	217.84200000000018	323	143.4349999999999	177	34.1330000000001
0.17	500	216.84899999999976	335	144.37999999999994	165	31.121000000000006
0.17	500	217.72600000000003	334	146.9159999999999	166	32.823000000000036
0.18	500	219.59700000000004	346	151.66599999999994	154	30.638000000000005
0.18	500	222.36500000000004	364	161.5439999999999	136	23.75799999999998
0.18	500	222.83399999999972	362	161.83200000000005	138	24.362999999999992
0.18	500	217.62699999999987	355	156.22099999999995	145	27.629999999999995
0.18	500	221.05299999999977	357	160.46399999999986	143	27.921000000000006
0.18	500	217.14099999999976	360	155.34699999999992	140	28.012
0.18	500	215.85999999999987	356	152.92699999999994	144	27.429
0.18	500	216.7029999999999	363	155.8769999999999	137	25.405999999999985
0.18	500	215.5130000000003	354	151.31900000000013	146	28.740999999999996
0.18	500	219.88899999999975	369	163.1029999999999	131	24.412999999999997
0.19	500	223.07000000000016	370	162.923	130	25.252999999999993
0.19	500	219.82999999999987	373	161.29599999999985	127	22.944999999999986
0.19	500	225.90299999999988	384	174.7109999999999	116	22.828999999999983
0.19	500	215.89300000000003	394	169.15399999999997	106	21.150999999999982
0.19	500	224.0179999999998	379	172.78199999999987	121	22.93499999999998
0.19	500	211.25399999999982	380	161.76899999999992	120	23.50799999999999
0.19	500	213.15099999999987	375	159.3929999999999	125	25.160999999999987
0.19	500	223.34799999999993	381	170.6139999999999	119	24.189999999999994
0.19	500	213.06599999999997	372	160.64899999999983	128	23.14199999999998
0.19	500	214.1939999999998	372	164.49699999999996	128	27.044
0.2	500	222.72299999999998	409	182.66799999999998	91	16.642999999999976
0.2	500	222.76399999999984	395	174.95499999999979	105	19.386999999999976
0.2	500	217.45599999999982	393	172.22099999999986	107	21.33899999999998
0.2	500	214.91399999999985	411	174.6839999999999	89	17.603999999999978
0.2	500	216.37100000000015	407	173.8889999999999	93	16.983999999999973
0.2	500	209.2949999999999	389	162.1019999999999	111	21.48999999999998
0.2	500	218.09799999999984	402	176.81999999999985	98	17.447999999999972
0.2	500	219.0069999999999	403	175.93999999999988	97	17.61099999999997
0.2	500	222.5499999999999	406	179.49300000000002	94	17.157999999999973
0.2	500	212.0009999999999	400	167.60399999999993	100	19.035999999999976
0.2	500	214.99299999999985	415	181.76799999999992	85	16.533999999999978
0.2	500	217.521	384	163.72999999999985	116	22.19899999999998
0.2	500	220.23399999999975	399	176.87699999999995	101	19.446999999999974
0.2	500	212.20399999999998	379	162.81599999999995	121	23.71299999999999
0.2	500	214.71199999999982	395	167.1709999999999	105	20.88799999999998
0.2	500	218.07699999999974	393	172.8089999999998	107	19.505999999999972
0.2	500	217.32699999999966	378	160.60199999999983	122	24.304999999999986
0.2	500	214.03299999999993	399	170.44999999999985	101	16.288999999999973
0.2	500	214.61899999999986	387	165.01699999999983	113	20.430999999999973
0.2	500	216.11099999999996	384	167.643	116	23.529999999999987
0.25	500	219.6369999999997	440	193.9229999999999	60	11.737999999999992
0.25	500	217.49899999999988	463	203.51499999999984	37	7.556
0.25	500	210.88299999999978	456	191.48299999999975	44	9.468999999999998
0.25	500	219.12500000000003	451	197.53700000000006	49	10.175999999999998
0.25	500	220.79499999999976	465	207.8909999999998	35	6.844
0.25	500	221.41299999999973	457	201.7749999999998	43	6.653999999999998
0.25	500	220.20900000000003	449	195.55499999999992	51	10.282999999999996
0.25	500	218.62599999999992	460	200.92699999999988	40	7.7219999999999995
0.25	500	214.01499999999965	449	192.68399999999977	51	9.417999999999997
0.25	500	221.121	456	200.26299999999998	44	8.858
0.3	500	218.392	481	211.22499999999997	19	3.8200000000000007
0.3	500	216.67499999999995	470	204.86399999999992	30	5.424999999999999
0.3	500	216.6709999999998	479	208.40899999999982	21	4.63
0.3	500	215.17399999999992	477	203.90500000000003	23	5.312
0.3	500	211.92999999999995	472	197.8919999999999	28	5.771000000000001
0.3	500	218.94000000000017	472	207.41600000000017	28	5.643
0.3	500	217.60199999999978	478	208.69999999999976	22	5.16
0.3	500	216.3829999999998	484	208.9659999999999	16	2.6370000000000005
0.3	500	214.89599999999984	475	204.76999999999992	25	5.578
0.3	500	215.10399999999973	476	204.74599999999967	24	4.015000000000001
0.35	500	219.76699999999994	484	211.78299999999996	16	2.986
0.35	500	213.07500000000002	487	207.65400000000002	13	2.7039999999999997
0.35	500	218.83399999999992	490	214.7419999999999	10	2.162
0.35	500	225.92299999999994	488	218.78199999999998	12	2.271
0.35	500	218.25	488	214.14899999999997	12	2.462
0.35	500	213.37399999999965	482	205.45999999999967	18	2.8129999999999997
0.35	500	218.81599999999986	485	211.7239999999998	15	2.298
0.35	500	221.83699999999976	490	218.1929999999997	10	1.8060000000000003
0.35	500	226.95499999999987	485	221.24999999999983	15	3.420000000000001
0.35	500	222.92099999999988	487	217.24099999999984	13	2.5420000000000003
0.4	500	211.62500000000009	492	207.54900000000012	8	0.996
0.4	500	214.7369999999998	492	211.70899999999983	8	1.9260000000000002
0.4	500	213.22999999999996	491	209.43299999999994	9	1.568
0.4	500	220.44699999999983	492	216.7439999999998	8	2.2489999999999997
0.4	500	221.22999999999993	491	217.63099999999994	9	1.3730000000000002
0.4	500	219.64499999999987	489	216.06899999999982	11	1.928
0.4	500	218.83999999999992	490	215.16199999999992	10	1.427
0.4	500	218.16199999999975	490	212.96099999999973	10	2.74
0.4	500	219.9399999999999	488	214.5439999999999	12	2.972000000000001
0.4	500	215.05500000000012	489	210.51800000000014	11	2.535
0.45	500	211.23399999999995	492	207.92999999999998	8	1.2850000000000001
0.45	500	220.04099999999985	500	220.04099999999985	0	0
0.45	500	218.6549999999997	491	215.7069999999997	9	1.883
0.45	500	223.94199999999995	491	219.978	9	1.598
0.45	500	216.81499999999997	493	213.9189999999999	7	1.651
0.45	500	216.72799999999972	493	214.29399999999976	7	2.1310000000000002
0.45	500	221.2119999999998	493	218.3969999999998	7	1.621
0.45	500	224.59600000000006	494	222.97100000000006	6	0.9249999999999999
0.45	500	213.55299999999974	497	212.11999999999975	3	0.605
0.45	500	216.6679999999998	492	212.8999999999998	8	1.705
0.5	500	214.17400000000004	495	212.00800000000004	5	1.13
0.5	500	218.70199999999994	496	216.565	4	1.267
0.5	500	220.60099999999977	498	220.08799999999977	2	0.491
0.5	500	212.50599999999966	495	210.66099999999963	5	0.62
0.5	500	208.79999999999995	490	203.84199999999998	10	1.9370000000000003
0.5	500	209.32399999999978	494	206.6659999999998	6	0.764
0.5	500	214.32499999999968	494	211.98299999999972	6	1.4050000000000002
0.5	500	220.21899999999982	497	218.9919999999998	3	0.894
0.5	500	219.43599999999986	494	216.26299999999983	6	0.8949999999999999
0.5	500	221.27399999999972	494	219.1439999999997	6	0.963
0.55	500	207.42200000000005	493	203.76	7	1.5830000000000002
0.55	500	221.3099999999999	497	219.98799999999986	3	0.252
0.55	500	217.08299999999986	496	216.08799999999985	4	0.46799999999999997
0.55	500	223.9220000000002	496	222.78800000000018	4	0.757
0.55	500	215.03999999999954	492	211.02899999999957	8	1.3820000000000001
0.55	500	217.10000000000002	494	215.00000000000009	6	1.2440000000000002
0.55	500	220.3220000000002	498	219.6090000000002	2	0.491
0.55	500	226.88699999999974	498	225.6879999999997	2	0.236
0.55	500	219.89199999999977	496	217.44899999999976	4	0.982
0.55	500	215.5159999999999	494	212.75799999999995	6	0.764
0.6	500	215.9389999999999	499	215.30399999999992	1	0.148
0.6	500	213.60199999999998	496	211.802	4	1.012
0.6	500	214.78199999999993	497	213.3979999999999	3	0.605
0.6	500	224.28900000000002	498	223.47300000000004	2	0.266
0.6	500	218.5319999999999	496	216.80099999999987	4	0.498
0.6	500	223.01799999999963	497	221.60699999999963	3	0.609
0.6	500	219.8659999999997	497	219.05499999999972	3	0.609
0.6	500	221.32099999999997	500	221.32099999999997	0	0
0.6	500	220.45199999999974	498	219.92799999999974	2	0.746
0.6	500	219.78999999999996	496	217.68499999999995	4	0.498
0.65	500	221.5279999999997	498	220.51499999999967	2	0.296
0.65	500	214.20800000000003	495	212.0730000000001	5	0.841
0.65	500	220.63499999999985	496	219.3809999999999	4	0.753
0.65	500	221.96099999999993	498	221.00999999999996	2	0.20199999999999999
0.65	500	221.45199999999983	499	220.87099999999984	1	0.118
0.65	500	216.88999999999956	498	216.01199999999963	2	0.236
0.65	500	209.73699999999968	497	207.86699999999968	3	0.639
0.65	500	219.31599999999978	497	218.34199999999979	3	1.119
0.65	500	218.99999999999983	499	218.44999999999982	1	0.118
0.65	500	210.36199999999988	496	209.48999999999987	4	0.532
0.7	500	218.88499999999996	497	218.19199999999998	3	0.864
0.7	500	219.89600000000007	498	219.22200000000007	2	0.236
0.7	500	212.78	499	212.171	1	0.148
0.7	500	223.5819999999997	496	222.07099999999969	4	1.203
0.7	500	214.77799999999996	496	212.813	4	0.978
0.7	500	217.72	497	217.09100000000004	3	0.864
0.7	500	223.193	498	222.45	2	0.266
0.7	500	229.29199999999992	496	228.11999999999986	4	0.948
0.7	500	219.269	497	217.54099999999994	3	0.44399999999999995
0.7	500	212.72499999999997	497	211.61399999999998	3	0.894
0.75	500	222.1059999999999	498	221.68399999999994	2	0.521
0.75	500	221.21399999999997	499	220.72899999999998	1	0.373
0.75	500	218.85799999999986	496	216.99299999999985	4	0.787
0.75	500	216.6509999999998	498	216.08499999999978	2	0.266
0.75	500	207.35299999999998	499	207.10299999999998	1	0.148
0.75	500	220.7019999999998	498	219.8869999999998	2	0.45699999999999996
0.75	500	213.33599999999993	497	212.38199999999995	3	0.639
0.75	500	226.53799999999987	492	222.64899999999986	8	1.2850000000000001
0.75	500	217.46800000000002	500	217.46800000000002	0	0
0.75	500	220.51000000000008	495	218.61600000000007	5	0.935
0.8	500	217.97699999999958	499	217.82199999999958	1	0.373
0.8	500	216.33299999999963	498	215.42699999999962	2	0.45699999999999996
0.8	500	222.64799999999985	498	221.85199999999986	2	0.236
0.8	500	219.0379999999996	498	218.23699999999963	2	0.491
0.8	500	218.7069999999998	497	217.35799999999978	3	0.31999999999999995
0.8	500	222.05399999999975	499	221.33799999999974	1	0.08399999999999999
0.8	500	217.924	497	216.146	3	0.609
0.8	500	217.2879999999999	499	217.0919999999999	1	0.118
0.8	500	222.628	498	221.76999999999998	2	0.746
0.8	500	213.6789999999999	499	213.45899999999992	1	0.118
0.85	500	213.5069999999999	500	213.5069999999999	0	0
0.85	500	211.78399999999962	498	210.53699999999964	2	0.20199999999999999
0.85	500	218.34900000000005	499	217.69300000000004	1	0.373
0.85	500	216.52400000000006	499	215.91300000000007	1	0.148
0.85	500	215.85999999999987	497	214.43199999999985	3	0.384
0.85	500	212.1059999999998	499	211.9819999999998	1	0.08399999999999999
0.85	500	222.986	500	222.986	0	0
0.85	500	221.61999999999995	500	221.61999999999995	0	0
0.85	500	216.67500000000004	500	216.67500000000004	0	0
0.85	500	222.3970000000002	498	221.95400000000018	2	0.266
0.9	500	215.25899999999987	498	214.3699999999999	2	0.521
0.9	500	213.49399999999991	500	213.49399999999991	0	0
0.9	500	222.48599999999982	500	222.48599999999982	0	0
0.9	500	220.88100000000014	500	220.88100000000014	0	0
0.9	500	226.2069999999998	499	225.69099999999975	1	0.118
0.9	500	213.34700000000004	499	213.09300000000002	1	0.373
0.9	500	219.64300000000011	499	219.20500000000013	1	0.118
0.9	500	216.12399999999982	498	214.9539999999998	2	0.23199999999999998
0.9	500	217.77499999999986	499	216.87099999999987	1	0.373
0.9	500	213.73100000000008	499	213.42600000000007	1	0.148
0.95	500	211.62199999999984	499	211.24999999999983	1	0.118
0.95	500	214.05599999999967	498	213.1669999999997	2	0.45699999999999996
0.95	500	214.1749999999999	499	214.0189999999999	1	0.118
0.95	500	213.14	500	213.14	0	0
0.95	500	223.2269999999997	500	223.2269999999997	0	0
0.95	500	219.4119999999999	499	219.23999999999987	1	0.148
0.95	500	219.8479999999999	500	219.8479999999999	0	0
0.95	500	219.2020000000002	499	218.70600000000022	1	0.148
0.95	500	216.88799999999975	499	216.68399999999974	1	0.373
0.95	500	217.20599999999968	500	217.20599999999968	0	0
1.0	500	211.79899999999972	500	211.79899999999972	0	0
1.0	500	214.1369999999999	499	213.6889999999999	1	0.118
1.0	500	217.15799999999973	500	217.15799999999973	0	0
1.0	500	226.16800000000003	498	224.87200000000004	2	0.45699999999999996
1.0	500	218.86199999999994	498	217.74199999999996	2	0.491
1.0	500	215.01999999999995	498	213.64699999999996	2	0.23199999999999998
1.0	500	221.63599999999997	498	220.89499999999998	2	0.23199999999999998
1.0	500	219.42599999999993	500	219.42599999999993	0	0
1.0	500	222.2409999999997	500	222.2409999999997	0	0
1.0	500	221.77799999999993	500	221.77799999999993	0	0
